"﻿UNITID","OPEID6","INSTNM","CONTROL","MAIN","CIPCODE","CIPDESC","CREDLEV","CREDDESC","IPEDSCOUNT1","IPEDSCOUNT2","DEBT_ALL_STGP_ANY_N","DEBT_ALL_STGP_ANY_MEAN","DEBT_ALL_STGP_ANY_MDN","DEBT_ALL_STGP_EVAL_N","DEBT_ALL_STGP_EVAL_MEAN","DEBT_ALL_STGP_EVAL_MDN","DEBT_ALL_PP_ANY_N","DEBT_ALL_PP_ANY_MEAN","DEBT_ALL_PP_ANY_MDN","DEBT_ALL_PP_EVAL_N","DEBT_ALL_PP_EVAL_MEAN","DEBT_ALL_PP_EVAL_MDN","DEBT_MALE_STGP_ANY_N","DEBT_MALE_STGP_ANY_MEAN","DEBT_MALE_STGP_ANY_MDN","DEBT_MALE_STGP_EVAL_N","DEBT_MALE_STGP_EVAL_MEAN","DEBT_MALE_STGP_EVAL_MDN","DEBT_MALE_PP_ANY_N","DEBT_MALE_PP_ANY_MEAN","DEBT_MALE_PP_ANY_MDN","DEBT_MALE_PP_EVAL_N","DEBT_MALE_PP_EVAL_MEAN","DEBT_MALE_PP_EVAL_MDN","DEBT_NOTMALE_STGP_ANY_N","DEBT_NOTMALE_STGP_ANY_MEAN","DEBT_NOTMALE_STGP_ANY_MDN","DEBT_NOTMALE_STGP_EVAL_N","DEBT_NOTMALE_STGP_EVAL_MEAN","DEBT_NOTMALE_STGP_EVAL_MDN","DEBT_NOTMALE_PP_ANY_N","DEBT_NOTMALE_PP_ANY_MEAN","DEBT_NOTMALE_PP_ANY_MDN","DEBT_NOTMALE_PP_EVAL_N","DEBT_NOTMALE_PP_EVAL_MEAN","DEBT_NOTMALE_PP_EVAL_MDN","DEBT_PELL_STGP_ANY_N","DEBT_PELL_STGP_ANY_MEAN","DEBT_PELL_STGP_ANY_MDN","DEBT_PELL_STGP_EVAL_N","DEBT_PELL_STGP_EVAL_MEAN","DEBT_PELL_STGP_EVAL_MDN","DEBT_PELL_PP_ANY_N","DEBT_PELL_PP_ANY_MEAN","DEBT_PELL_PP_ANY_MDN","DEBT_PELL_PP_EVAL_N","DEBT_PELL_PP_EVAL_MEAN","DEBT_PELL_PP_EVAL_MDN","DEBT_NOPELL_STGP_ANY_N","DEBT_NOPELL_STGP_ANY_MEAN","DEBT_NOPELL_STGP_ANY_MDN","DEBT_NOPELL_STGP_EVAL_N","DEBT_NOPELL_STGP_EVAL_MEAN","DEBT_NOPELL_STGP_EVAL_MDN","DEBT_NOPELL_PP_ANY_N","DEBT_NOPELL_PP_ANY_MEAN","DEBT_NOPELL_PP_ANY_MDN","DEBT_NOPELL_PP_EVAL_N","DEBT_NOPELL_PP_EVAL_MEAN","DEBT_NOPELL_PP_EVAL_MDN","DEBT_ALL_PP_ANY_MDN10YRPAY","DEBT_ALL_PP_EVAL_MDN10YRPAY","DEBT_ALL_STGP_ANY_MDN10YRPAY","DEBT_ALL_STGP_EVAL_MDN10YRPAY","EARN_COUNT_NWNE_HI_1YR","EARN_CNTOVER150_HI_1YR","EARN_COUNT_WNE_HI_1YR","EARN_MDN_HI_1YR","EARN_COUNT_NWNE_HI_2YR","EARN_CNTOVER150_HI_2YR","EARN_COUNT_WNE_HI_2YR","EARN_MDN_HI_2YR"
"443395","004898","McCann School of Business & Technology","Private, for-profit","0","4301","Criminal Justice and Corrections.","2","Associate's Degree","5","NULL","PrivacySuppressed","33386","32500","PrivacySuppressed","30401","31778","PrivacySuppressed","9353","PrivacySuppressed","PrivacySuppressed","PrivacySuppressed","PrivacySuppressed","PrivacySuppressed","32300","32271","PrivacySuppressed","29138","29000","PrivacySuppressed","PrivacySuppressed","PrivacySuppressed","PrivacySuppressed","PrivacySuppressed","PrivacySuppressed","PrivacySuppressed","34068","35278","PrivacySuppressed","31199","31882","PrivacySuppressed","PrivacySuppressed","PrivacySuppressed","PrivacySuppressed","PrivacySuppressed","PrivacySuppressed","PrivacySuppressed","PrivacySuppressed","PrivacySuppressed","PrivacySuppressed","PrivacySuppressed","PrivacySuppressed","PrivacySuppressed","PrivacySuppressed","PrivacySuppressed","PrivacySuppressed","PrivacySuppressed","PrivacySuppressed","PrivacySuppressed","PrivacySuppressed","PrivacySuppressed","PrivacySuppressed","PrivacySuppressed","PrivacySuppressed","PrivacySuppressed","PrivacySuppressed","PrivacySuppressed","PrivacySuppressed","PrivacySuppressed","PrivacySuppressed","PrivacySuppressed","PrivacySuppressed","310","303","8","64","86","24649","9","85","109","25194"
"443395","004898","McCann School of Business & Technology","Private, for-profit","0","5107","Health and Medical Administrative Services.","1","Undergraduate Certificate or Diploma","1","NULL","PrivacySuppressed","PrivacySuppressed","26667","PrivacySuppressed","PrivacySuppressed","21750","PrivacySuppressed","PrivacySuppressed","PrivacySuppressed","PrivacySuppressed","PrivacySuppressed","PrivacySuppressed","PrivacySuppressed","PrivacySuppressed","PrivacySuppressed","PrivacySuppressed","PrivacySuppressed","PrivacySuppressed","PrivacySuppressed","PrivacySuppressed","PrivacySuppressed","PrivacySuppressed","PrivacySuppressed","PrivacySuppressed","PrivacySuppressed","PrivacySuppressed","PrivacySuppressed","PrivacySuppressed","PrivacySuppressed","PrivacySuppressed","PrivacySuppressed","PrivacySuppressed","PrivacySuppressed","PrivacySuppressed","PrivacySuppressed","PrivacySuppressed","PrivacySuppressed","PrivacySuppressed","PrivacySuppressed","PrivacySuppressed","PrivacySuppressed","PrivacySuppressed","PrivacySuppressed","PrivacySuppressed","PrivacySuppressed","PrivacySuppressed","PrivacySuppressed","PrivacySuppressed","PrivacySuppressed","PrivacySuppressed","PrivacySuppressed","PrivacySuppressed","PrivacySuppressed","PrivacySuppressed","PrivacySuppressed","PrivacySuppressed","PrivacySuppressed","PrivacySuppressed","PrivacySuppressed","PrivacySuppressed","PrivacySuppressed","PrivacySuppressed","254","208","10","35","47","24035","9","51","69","23207"
"443395","004898","McCann School of Business & Technology","Private, for-profit","0","5107","Health and Medical Administrative Services.","2","Associate's Degree","2","NULL","PrivacySuppressed","35959","35125","PrivacySuppressed","32244","32500","PrivacySuppressed","PrivacySuppressed","PrivacySuppressed","PrivacySuppressed","PrivacySuppressed","PrivacySuppressed","PrivacySuppressed","PrivacySuppressed","PrivacySuppressed","PrivacySuppressed","PrivacySuppressed","PrivacySuppressed","PrivacySuppressed","PrivacySuppressed","PrivacySuppressed","PrivacySuppressed","PrivacySuppressed","PrivacySuppressed","PrivacySuppressed","PrivacySuppressed","PrivacySuppressed","PrivacySuppressed","PrivacySuppressed","PrivacySuppressed","PrivacySuppressed","PrivacySuppressed","PrivacySuppressed","PrivacySuppressed","PrivacySuppressed","PrivacySuppressed","PrivacySuppressed","PrivacySuppressed","PrivacySuppressed","PrivacySuppressed","PrivacySuppressed","PrivacySuppressed","PrivacySuppressed","PrivacySuppressed","PrivacySuppressed","PrivacySuppressed","PrivacySuppressed","PrivacySuppressed","PrivacySuppressed","PrivacySuppressed","PrivacySuppressed","PrivacySuppressed","PrivacySuppressed","PrivacySuppressed","PrivacySuppressed","PrivacySuppressed","PrivacySuppressed","PrivacySuppressed","PrivacySuppressed","PrivacySuppressed","PrivacySuppressed","PrivacySuppressed","335","310","14","63","89","24659","14","80","114","24584"
"443395","004898","McCann School of Business & Technology","Private, for-profit","0","5108","Allied Health and Medical Assisting Services.","1","Undergraduate Certificate or Diploma","1","NULL","PrivacySuppressed","PrivacySuppressed","20000","PrivacySuppressed","PrivacySuppressed","17167","PrivacySuppressed","PrivacySuppressed","PrivacySuppressed","PrivacySuppressed","PrivacySuppressed","PrivacySuppressed","PrivacySuppressed","PrivacySuppressed","PrivacySuppressed","PrivacySuppressed","PrivacySuppressed","PrivacySuppressed","PrivacySuppressed","PrivacySuppressed","PrivacySuppressed","PrivacySuppressed","PrivacySuppressed","PrivacySuppressed","PrivacySuppressed","PrivacySuppressed","PrivacySuppressed","PrivacySuppressed","PrivacySuppressed","PrivacySuppressed","PrivacySuppressed","PrivacySuppressed","PrivacySuppressed","PrivacySuppressed","PrivacySuppressed","PrivacySuppressed","PrivacySuppressed","PrivacySuppressed","PrivacySuppressed","PrivacySuppressed","PrivacySuppressed","PrivacySuppressed","PrivacySuppressed","PrivacySuppressed","PrivacySuppressed","PrivacySuppressed","PrivacySuppressed","PrivacySuppressed","PrivacySuppressed","PrivacySuppressed","PrivacySuppressed","PrivacySuppressed","PrivacySuppressed","PrivacySuppressed","PrivacySuppressed","PrivacySuppressed","PrivacySuppressed","PrivacySuppressed","PrivacySuppressed","PrivacySuppressed","PrivacySuppressed","PrivacySuppressed","191","164","PrivacySuppressed","PrivacySuppressed","PrivacySuppressed","PrivacySuppressed","PrivacySuppressed","PrivacySuppressed","PrivacySuppressed","PrivacySuppressed"
"443395","004898","McCann School of Business & Technology","Private, for-profit","0","5108","Allied Health and Medical Assisting Services.","2","Associate's Degree","15","NULL","PrivacySuppressed","33204","32500","PrivacySuppressed","29983","30417","PrivacySuppressed","9656","6264","PrivacySuppressed","8258","PrivacySuppressed","PrivacySuppressed","PrivacySuppressed","PrivacySuppressed","PrivacySuppressed","PrivacySuppressed","PrivacySuppressed","PrivacySuppressed","PrivacySuppressed","PrivacySuppressed","PrivacySuppressed","PrivacySuppressed","PrivacySuppressed","PrivacySuppressed","PrivacySuppressed","PrivacySuppressed","PrivacySuppressed","PrivacySuppressed","PrivacySuppressed","PrivacySuppressed","PrivacySuppressed","PrivacySuppressed","PrivacySuppressed","PrivacySuppressed","PrivacySuppressed","PrivacySuppressed","PrivacySuppressed","PrivacySuppressed","PrivacySuppressed","PrivacySuppressed","PrivacySuppressed","PrivacySuppressed","PrivacySuppressed","PrivacySuppressed","PrivacySuppressed","PrivacySuppressed","PrivacySuppressed","PrivacySuppressed","PrivacySuppressed","PrivacySuppressed","PrivacySuppressed","PrivacySuppressed","PrivacySuppressed","PrivacySuppressed","PrivacySuppressed","PrivacySuppressed","PrivacySuppressed","PrivacySuppressed","PrivacySuppressed","67","PrivacySuppressed","310","290","25","178","269","22818","29","237","343","23464"
"443395","004898","McCann School of Business & Technology","Private, for-profit","0","5135","Somatic Bodywork and Related Therapeutic Services.","1","Undergraduate Certificate or Diploma","8","NULL","PrivacySuppressed","14879","9500","PrivacySuppressed","8993","9500","PrivacySuppressed","PrivacySuppressed","PrivacySuppressed","PrivacySuppressed","PrivacySuppressed","PrivacySuppressed","PrivacySuppressed","PrivacySuppressed","PrivacySuppressed","PrivacySuppressed","PrivacySuppressed","PrivacySuppressed","PrivacySuppressed","PrivacySuppressed","PrivacySuppressed","PrivacySuppressed","PrivacySuppressed","PrivacySuppressed","PrivacySuppressed","14697","PrivacySuppressed","PrivacySuppressed","9153","PrivacySuppressed","PrivacySuppressed","PrivacySuppressed","PrivacySuppressed","PrivacySuppressed","PrivacySuppressed","PrivacySuppressed","PrivacySuppressed","PrivacySuppressed","PrivacySuppressed","PrivacySuppressed","PrivacySuppressed","PrivacySuppressed","PrivacySuppressed","PrivacySuppressed","PrivacySuppressed","PrivacySuppressed","PrivacySuppressed","PrivacySuppressed","PrivacySuppressed","10778","PrivacySuppressed","PrivacySuppressed","7671","PrivacySuppressed","PrivacySuppressed","PrivacySuppressed","PrivacySuppressed","PrivacySuppressed","PrivacySuppressed","PrivacySuppressed","PrivacySuppressed","PrivacySuppressed","91","91","16","80","136","21344","13","71","137","18555"
"443395","004898","McCann School of Business & Technology","Private, for-profit","0","5202","Business Administration, Management and Operations.","2","Associate's Degree","13","NULL","PrivacySuppressed","33267","33681","PrivacySuppressed","29391","30112","PrivacySuppressed","10196","PrivacySuppressed","PrivacySuppressed","10724","PrivacySuppressed","PrivacySuppressed","29058","29028","PrivacySuppressed","27288","29028","PrivacySuppressed","PrivacySuppressed","PrivacySuppressed","PrivacySuppressed","PrivacySuppressed","PrivacySuppressed","PrivacySuppressed","35207","34668","PrivacySuppressed","30347","31806","PrivacySuppressed","PrivacySuppressed","PrivacySuppressed","PrivacySuppressed","PrivacySuppressed","PrivacySuppressed","PrivacySuppressed","34384","PrivacySuppressed","PrivacySuppressed","30126","PrivacySuppressed","PrivacySuppressed","PrivacySuppressed","PrivacySuppressed","PrivacySuppressed","PrivacySuppressed","PrivacySuppressed","PrivacySuppressed","PrivacySuppressed","PrivacySuppressed","PrivacySuppressed","PrivacySuppressed","PrivacySuppressed","PrivacySuppressed","PrivacySuppressed","PrivacySuppressed","PrivacySuppressed","PrivacySuppressed","PrivacySuppressed","PrivacySuppressed","PrivacySuppressed","321","287","10","55","85","23042","3","13","22","20824"
"443410","037243","DigiPen Institute of Technology","Private, for-profit","1","1003","Graphic Communications.","3","Bachelors Degree","41","49","61","28862","27000","60","27639","27000","31","71519","61311","30","70525","68205","21","31744","30000","20","29657","30000","12","64476","PrivacySuppressed","11","67255","PrivacySuppressed","40","PrivacySuppressed","27000","40","PrivacySuppressed","27000","19","PrivacySuppressed","PrivacySuppressed","19","PrivacySuppressed","PrivacySuppressed","35","33780","36440","34","32166","32000","15","55359","PrivacySuppressed","14","54111","PrivacySuppressed","26","PrivacySuppressed","26000","26","PrivacySuppressed","25798","16","PrivacySuppressed","PrivacySuppressed","16","PrivacySuppressed","PrivacySuppressed","659","733","258","258","2","36","52","29685","6","24","35","25774"
"443410","037243","DigiPen Institute of Technology","Private, for-profit","1","1003","Graphic Communications.","5","Master's Degree","3","8","PrivacySuppressed","PrivacySuppressed","PrivacySuppressed","PrivacySuppressed","PrivacySuppressed","PrivacySuppressed","PrivacySuppressed","PrivacySuppressed","PrivacySuppressed","PrivacySuppressed","PrivacySuppressed","PrivacySuppressed","PrivacySuppressed","PrivacySuppressed","PrivacySuppressed","PrivacySuppressed","PrivacySuppressed","PrivacySuppressed","PrivacySuppressed","PrivacySuppressed","PrivacySuppressed","PrivacySuppressed","PrivacySuppressed","PrivacySuppressed","PrivacySuppressed","PrivacySuppressed","PrivacySuppressed","PrivacySuppressed","PrivacySuppressed","PrivacySuppressed","PrivacySuppressed","PrivacySuppressed","PrivacySuppressed","PrivacySuppressed","PrivacySuppressed","PrivacySuppressed","PrivacySuppressed","PrivacySuppressed","PrivacySuppressed","PrivacySuppressed","PrivacySuppressed","PrivacySuppressed","PrivacySuppressed","PrivacySuppressed","PrivacySuppressed","PrivacySuppressed","PrivacySuppressed","PrivacySuppressed","PrivacySuppressed","PrivacySuppressed","PrivacySuppressed","PrivacySuppressed","PrivacySuppressed","PrivacySuppressed","PrivacySuppressed","PrivacySuppressed","PrivacySuppressed","PrivacySuppressed","PrivacySuppressed","PrivacySuppressed","PrivacySuppressed","PrivacySuppressed","PrivacySuppressed","PrivacySuppressed","PrivacySuppressed","PrivacySuppressed","PrivacySuppressed","PrivacySuppressed","PrivacySuppressed","PrivacySuppressed","PrivacySuppressed","PrivacySuppressed"
"443410","037243","DigiPen Institute of Technology","Private, for-profit","1","1102","Computer Programming.","3","Bachelors Degree","79","57","84","PrivacySuppressed","27000","84","PrivacySuppressed","27000","44","83578","83055","42","86503","88389","PrivacySuppressed","PrivacySuppressed","PrivacySuppressed","PrivacySuppressed","PrivacySuppressed","PrivacySuppressed","PrivacySuppressed","PrivacySuppressed","PrivacySuppressed","PrivacySuppressed","PrivacySuppressed","PrivacySuppressed","PrivacySuppressed","PrivacySuppressed","PrivacySuppressed","PrivacySuppressed","PrivacySuppressed","PrivacySuppressed","PrivacySuppressed","PrivacySuppressed","PrivacySuppressed","PrivacySuppressed","PrivacySuppressed","PrivacySuppressed","48","PrivacySuppressed","37000","48","PrivacySuppressed","34487","27","67208","PrivacySuppressed","25","70812","PrivacySuppressed","36","PrivacySuppressed","27000","36","PrivacySuppressed","27000","17","PrivacySuppressed","PrivacySuppressed","17","PrivacySuppressed","PrivacySuppressed","893","951","258","258","5","103","109","86424","3","62","68","76998"
"443410","037243","DigiPen Institute of Technology","Private, for-profit","1","1102","Computer Programming.","5","Master's Degree","14","19","PrivacySuppressed","PrivacySuppressed","PrivacySuppressed","PrivacySuppressed","PrivacySuppressed","PrivacySuppressed","PrivacySuppressed","PrivacySuppressed","PrivacySuppressed","PrivacySuppressed","PrivacySuppressed","PrivacySuppressed","PrivacySuppressed","PrivacySuppressed","PrivacySuppressed","PrivacySuppressed","PrivacySuppressed","PrivacySuppressed","PrivacySuppressed","PrivacySuppressed","PrivacySuppressed","PrivacySuppressed","PrivacySuppressed","PrivacySuppressed","PrivacySuppressed","PrivacySuppressed","PrivacySuppressed","PrivacySuppressed","PrivacySuppressed","PrivacySuppressed","PrivacySuppressed","PrivacySuppressed","PrivacySuppressed","PrivacySuppressed","PrivacySuppressed","PrivacySuppressed","PrivacySuppressed","PrivacySuppressed","PrivacySuppressed","PrivacySuppressed","PrivacySuppressed","PrivacySuppressed","PrivacySuppressed","PrivacySuppressed","PrivacySuppressed","PrivacySuppressed","PrivacySuppressed","PrivacySuppressed","PrivacySuppressed","PrivacySuppressed","PrivacySuppressed","PrivacySuppressed","PrivacySuppressed","PrivacySuppressed","PrivacySuppressed","PrivacySuppressed","PrivacySuppressed","PrivacySuppressed","PrivacySuppressed","PrivacySuppressed","PrivacySuppressed","PrivacySuppressed","PrivacySuppressed","PrivacySuppressed","PrivacySuppressed","PrivacySuppressed","PrivacySuppressed","PrivacySuppressed","PrivacySuppressed","PrivacySuppressed","PrivacySuppressed","PrivacySuppressed"
"443410","037243","DigiPen Institute of Technology","Private, for-profit","1","1108","Computer Software and Media Applications.","3","Bachelors Degree","15","21","11","PrivacySuppressed","PrivacySuppressed","11","PrivacySuppressed","PrivacySuppressed","PrivacySuppressed","PrivacySuppressed","PrivacySuppressed","PrivacySuppressed","PrivacySuppressed","PrivacySuppressed","PrivacySuppressed","PrivacySuppressed","PrivacySuppressed","PrivacySuppressed","PrivacySuppressed","PrivacySuppressed","PrivacySuppressed","PrivacySuppressed","PrivacySuppressed","PrivacySuppressed","PrivacySuppressed","PrivacySuppressed","PrivacySuppressed","PrivacySuppressed","PrivacySuppressed","PrivacySuppressed","PrivacySuppressed","PrivacySuppressed","PrivacySuppressed","PrivacySuppressed","PrivacySuppressed","PrivacySuppressed","PrivacySuppressed","PrivacySuppressed","PrivacySuppressed","PrivacySuppressed","PrivacySuppressed","PrivacySuppressed","PrivacySuppressed","PrivacySuppressed","PrivacySuppressed","PrivacySuppressed","PrivacySuppressed","PrivacySuppressed","PrivacySuppressed","PrivacySuppressed","PrivacySuppressed","PrivacySuppressed","PrivacySuppressed","PrivacySuppressed","PrivacySuppressed","PrivacySuppressed","PrivacySuppressed","PrivacySuppressed","PrivacySuppressed","PrivacySuppressed","PrivacySuppressed","PrivacySuppressed","PrivacySuppressed","PrivacySuppressed","PrivacySuppressed","PrivacySuppressed","PrivacySuppressed","PrivacySuppressed","PrivacySuppressed","PrivacySuppressed","PrivacySuppressed","PrivacySuppressed","PrivacySuppressed","PrivacySuppressed"
"443410","037243","DigiPen Institute of Technology","Private, for-profit","1","1409","Computer Engineering.","3","Bachelors Degree","4","7","PrivacySuppressed","PrivacySuppressed","PrivacySuppressed","PrivacySuppressed","PrivacySuppressed","PrivacySuppressed","PrivacySuppressed","PrivacySuppressed","PrivacySuppressed","PrivacySuppressed","PrivacySuppressed","PrivacySuppressed","PrivacySuppressed","PrivacySuppressed","PrivacySuppressed","PrivacySuppressed","PrivacySuppressed","PrivacySuppressed","PrivacySuppressed","PrivacySuppressed","PrivacySuppressed","PrivacySuppressed","PrivacySuppressed","PrivacySuppressed","PrivacySuppressed","PrivacySuppressed","PrivacySuppressed","PrivacySuppressed","PrivacySuppressed","PrivacySuppressed","PrivacySuppressed","PrivacySuppressed","PrivacySuppressed","PrivacySuppressed","PrivacySuppressed","PrivacySuppressed","PrivacySuppressed","PrivacySuppressed","PrivacySuppressed","PrivacySuppressed","PrivacySuppressed","PrivacySuppressed","PrivacySuppressed","PrivacySuppressed","PrivacySuppressed","PrivacySuppressed","PrivacySuppressed","PrivacySuppressed","PrivacySuppressed","PrivacySuppressed","PrivacySuppressed","PrivacySuppressed","PrivacySuppressed","PrivacySuppressed","PrivacySuppressed","PrivacySuppressed","PrivacySuppressed","PrivacySuppressed","PrivacySuppressed","PrivacySuppressed","PrivacySuppressed","PrivacySuppressed","PrivacySuppressed","PrivacySuppressed","PrivacySuppressed","PrivacySuppressed","PrivacySuppressed","PrivacySuppressed","PrivacySuppressed","PrivacySuppressed","PrivacySuppressed","PrivacySuppressed"
"443410","037243","DigiPen Institute of Technology","Private, for-profit","1","3031","Human Computer Interaction.","3","Bachelors Degree","27","21","35","30643","30810","34","28047","27000","14","81170","PrivacySuppressed","13","86248","PrivacySuppressed","PrivacySuppressed","PrivacySuppressed","PrivacySuppressed","PrivacySuppressed","PrivacySuppressed","PrivacySuppressed","PrivacySuppressed","PrivacySuppressed","PrivacySuppressed","PrivacySuppressed","PrivacySuppressed","PrivacySuppressed","PrivacySuppressed","PrivacySuppressed","PrivacySuppressed","PrivacySuppressed","PrivacySuppressed","PrivacySuppressed","PrivacySuppressed","PrivacySuppressed","PrivacySuppressed","PrivacySuppressed","PrivacySuppressed","PrivacySuppressed","21","35127","PrivacySuppressed","20","31551","PrivacySuppressed","PrivacySuppressed","PrivacySuppressed","PrivacySuppressed","PrivacySuppressed","PrivacySuppressed","PrivacySuppressed","14","PrivacySuppressed","PrivacySuppressed","14","PrivacySuppressed","PrivacySuppressed","PrivacySuppressed","PrivacySuppressed","PrivacySuppressed","PrivacySuppressed","PrivacySuppressed","PrivacySuppressed","PrivacySuppressed","PrivacySuppressed","294","258","3","29","33","37208","2","14","18","36848"
"443410","037243","DigiPen Institute of Technology","Private, for-profit","1","5009","Music.","3","Bachelors Degree","10","4","PrivacySuppressed","PrivacySuppressed","PrivacySuppressed","PrivacySuppressed","PrivacySuppressed","PrivacySuppressed","PrivacySuppressed","PrivacySuppressed","PrivacySuppressed","PrivacySuppressed","PrivacySuppressed","PrivacySuppressed","PrivacySuppressed","PrivacySuppressed","PrivacySuppressed","PrivacySuppressed","PrivacySuppressed","PrivacySuppressed","PrivacySuppressed","PrivacySuppressed","PrivacySuppressed","PrivacySuppressed","PrivacySuppressed","PrivacySuppressed","PrivacySuppressed","PrivacySuppressed","PrivacySuppressed","PrivacySuppressed","PrivacySuppressed","PrivacySuppressed","PrivacySuppressed","PrivacySuppressed","PrivacySuppressed","PrivacySuppressed","PrivacySuppressed","PrivacySuppressed","PrivacySuppressed","PrivacySuppressed","PrivacySuppressed","PrivacySuppressed","PrivacySuppressed","PrivacySuppressed","PrivacySuppressed","PrivacySuppressed","PrivacySuppressed","PrivacySuppressed","PrivacySuppressed","PrivacySuppressed","PrivacySuppressed","PrivacySuppressed","PrivacySuppressed","PrivacySuppressed","PrivacySuppressed","PrivacySuppressed","PrivacySuppressed","PrivacySuppressed","PrivacySuppressed","PrivacySuppressed","PrivacySuppressed","PrivacySuppressed","PrivacySuppressed","PrivacySuppressed","PrivacySuppressed","PrivacySuppressed","PrivacySuppressed","PrivacySuppressed","PrivacySuppressed","PrivacySuppressed","PrivacySuppressed","PrivacySuppressed","PrivacySuppressed","PrivacySuppressed"
"443483","023166","Cortiva Institute-Groton","Private, for-profit","0","5135","Somatic Bodywork and Related Therapeutic Services.","1","Undergraduate Certificate or Diploma","63","52","472","12428","7600","440","7017","7600","82","16375","11658","44","10621","11658","97","11119","7600","90","6832","7600","19","14306","11220","12","11012","PrivacySuppressed","375","12766","7600","350","7064","7600","63","16999","11658","32","10474","PrivacySuppressed","341","13064","7600","329","7137","7600","60","12721","9496","30","9757","PrivacySuppressed","131","10773","7600","111","6659","7600","22","26338","13455","14","12472","PrivacySuppressed","125","125","73","73","39","274","454","22826","35","253","398","23440"
"443492","040385","Pierpont Community and Technical College","Public","1","0183","Veterinary/Animal Health Technologies/Technicians.","1","Undergraduate Certificate or Diploma","NULL","NULL","PrivacySuppressed","PrivacySuppressed","PrivacySuppressed","PrivacySuppressed","PrivacySuppressed","PrivacySuppressed","PrivacySuppressed","PrivacySuppressed","PrivacySuppressed","PrivacySuppressed","PrivacySuppressed","PrivacySuppressed","PrivacySuppressed","PrivacySuppressed","PrivacySuppressed","PrivacySuppressed","PrivacySuppressed","PrivacySuppressed","PrivacySuppressed","PrivacySuppressed","PrivacySuppressed","PrivacySuppressed","PrivacySuppressed","PrivacySuppressed","PrivacySuppressed","PrivacySuppressed","PrivacySuppressed","PrivacySuppressed","PrivacySuppressed","PrivacySuppressed","PrivacySuppressed","PrivacySuppressed","PrivacySuppressed","PrivacySuppressed","PrivacySuppressed","PrivacySuppressed","PrivacySuppressed","PrivacySuppressed","PrivacySuppressed","PrivacySuppressed","PrivacySuppressed","PrivacySuppressed","PrivacySuppressed","PrivacySuppressed","PrivacySuppressed","PrivacySuppressed","PrivacySuppressed","PrivacySuppressed","PrivacySuppressed","PrivacySuppressed","PrivacySuppressed","PrivacySuppressed","PrivacySuppressed","PrivacySuppressed","PrivacySuppressed","PrivacySuppressed","PrivacySuppressed","PrivacySuppressed","PrivacySuppressed","PrivacySuppressed","PrivacySuppressed","PrivacySuppressed","PrivacySuppressed","PrivacySuppressed","PrivacySuppressed","PrivacySuppressed","PrivacySuppressed","PrivacySuppressed","PrivacySuppressed","PrivacySuppressed","PrivacySuppressed","PrivacySuppressed"
"443492","040385","Pierpont Community and Technical College","Public","1","0183","Veterinary/Animal Health Technologies/Technicians.","2","Associate's Degree","NULL","NULL","PrivacySuppressed","17575","PrivacySuppressed","PrivacySuppressed","13281","PrivacySuppressed","PrivacySuppressed","PrivacySuppressed","PrivacySuppressed","PrivacySuppressed","PrivacySuppressed","PrivacySuppressed","PrivacySuppressed","PrivacySuppressed","PrivacySuppressed","PrivacySuppressed","PrivacySuppressed","PrivacySuppressed","PrivacySuppressed","PrivacySuppressed","PrivacySuppressed","PrivacySuppressed","PrivacySuppressed","PrivacySuppressed","PrivacySuppressed","PrivacySuppressed","PrivacySuppressed","PrivacySuppressed","PrivacySuppressed","PrivacySuppressed","PrivacySuppressed","PrivacySuppressed","PrivacySuppressed","PrivacySuppressed","PrivacySuppressed","PrivacySuppressed","PrivacySuppressed","PrivacySuppressed","PrivacySuppressed","PrivacySuppressed","PrivacySuppressed","PrivacySuppressed","PrivacySuppressed","PrivacySuppressed","PrivacySuppressed","PrivacySuppressed","PrivacySuppressed","PrivacySuppressed","PrivacySuppressed","PrivacySuppressed","PrivacySuppressed","PrivacySuppressed","PrivacySuppressed","PrivacySuppressed","PrivacySuppressed","PrivacySuppressed","PrivacySuppressed","PrivacySuppressed","PrivacySuppressed","PrivacySuppressed","PrivacySuppressed","PrivacySuppressed","PrivacySuppressed","PrivacySuppressed","3","19","21","24532","0","21","28","22809"
"443492","040385","Pierpont Community and Technical College","Public","1","1108","Computer Software and Media Applications.","2","Associate's Degree","2","5","PrivacySuppressed","PrivacySuppressed","PrivacySuppressed","PrivacySuppressed","PrivacySuppressed","PrivacySuppressed","PrivacySuppressed","PrivacySuppressed","PrivacySuppressed","PrivacySuppressed","PrivacySuppressed","PrivacySuppressed","PrivacySuppressed","PrivacySuppressed","PrivacySuppressed","PrivacySuppressed","PrivacySuppressed","PrivacySuppressed","PrivacySuppressed","PrivacySuppressed","PrivacySuppressed","PrivacySuppressed","PrivacySuppressed","PrivacySuppressed","PrivacySuppressed","PrivacySuppressed","PrivacySuppressed","PrivacySuppressed","PrivacySuppressed","PrivacySuppressed","PrivacySuppressed","PrivacySuppressed","PrivacySuppressed","PrivacySuppressed","PrivacySuppressed","PrivacySuppressed","PrivacySuppressed","PrivacySuppressed","PrivacySuppressed","PrivacySuppressed","PrivacySuppressed","PrivacySuppressed","PrivacySuppressed","PrivacySuppressed","PrivacySuppressed","PrivacySuppressed","PrivacySuppressed","PrivacySuppressed","PrivacySuppressed","PrivacySuppressed","PrivacySuppressed","PrivacySuppressed","PrivacySuppressed","PrivacySuppressed","PrivacySuppressed","PrivacySuppressed","PrivacySuppressed","PrivacySuppressed","PrivacySuppressed","PrivacySuppressed","PrivacySuppressed","PrivacySuppressed","PrivacySuppressed","PrivacySuppressed","PrivacySuppressed","PrivacySuppressed","PrivacySuppressed","PrivacySuppressed","PrivacySuppressed","PrivacySuppressed","PrivacySuppressed","PrivacySuppressed"
"443492","040385","Pierpont Community and Technical College","Public","1","1109","Computer Systems Networking and Telecommunications.","2","Associate's Degree","6","14","12","23842","PrivacySuppressed","11","18379","PrivacySuppressed","PrivacySuppressed","PrivacySuppressed","PrivacySuppressed","PrivacySuppressed","PrivacySuppressed","PrivacySuppressed","PrivacySuppressed","PrivacySuppressed","PrivacySuppressed","PrivacySuppressed","PrivacySuppressed","PrivacySuppressed","PrivacySuppressed","PrivacySuppressed","PrivacySuppressed","PrivacySuppressed","PrivacySuppressed","PrivacySuppressed","PrivacySuppressed","PrivacySuppressed","PrivacySuppressed","PrivacySuppressed","PrivacySuppressed","PrivacySuppressed","PrivacySuppressed","PrivacySuppressed","PrivacySuppressed","PrivacySuppressed","PrivacySuppressed","PrivacySuppressed","PrivacySuppressed","PrivacySuppressed","PrivacySuppressed","PrivacySuppressed","PrivacySuppressed","PrivacySuppressed","PrivacySuppressed","PrivacySuppressed","PrivacySuppressed","PrivacySuppressed","PrivacySuppressed","PrivacySuppressed","PrivacySuppressed","PrivacySuppressed","PrivacySuppressed","PrivacySuppressed","PrivacySuppressed","PrivacySuppressed","PrivacySuppressed","PrivacySuppressed","PrivacySuppressed","PrivacySuppressed","PrivacySuppressed","PrivacySuppressed","PrivacySuppressed","PrivacySuppressed","PrivacySuppressed","PrivacySuppressed","PrivacySuppressed","PrivacySuppressed","PrivacySuppressed","PrivacySuppressed","0","13","14","39369"
"443492","040385","Pierpont Community and Technical College","Public","1","1110","Computer/Information Technology Administration and Management.","1","Undergraduate Certificate or Diploma","NULL","1","PrivacySuppressed","PrivacySuppressed","PrivacySuppressed","PrivacySuppressed","PrivacySuppressed","PrivacySuppressed","PrivacySuppressed","PrivacySuppressed","PrivacySuppressed","PrivacySuppressed","PrivacySuppressed","PrivacySuppressed","PrivacySuppressed","PrivacySuppressed","PrivacySuppressed","PrivacySuppressed","PrivacySuppressed","PrivacySuppressed","PrivacySuppressed","PrivacySuppressed","PrivacySuppressed","PrivacySuppressed","PrivacySuppressed","PrivacySuppressed","PrivacySuppressed","PrivacySuppressed","PrivacySuppressed","PrivacySuppressed","PrivacySuppressed","PrivacySuppressed","PrivacySuppressed","PrivacySuppressed","PrivacySuppressed","PrivacySuppressed","PrivacySuppressed","PrivacySuppressed","PrivacySuppressed","PrivacySuppressed","PrivacySuppressed","PrivacySuppressed","PrivacySuppressed","PrivacySuppressed","PrivacySuppressed","PrivacySuppressed","PrivacySuppressed","PrivacySuppressed","PrivacySuppressed","PrivacySuppressed","PrivacySuppressed","PrivacySuppressed","PrivacySuppressed","PrivacySuppressed","PrivacySuppressed","PrivacySuppressed","PrivacySuppressed","PrivacySuppressed","PrivacySuppressed","PrivacySuppressed","PrivacySuppressed","PrivacySuppressed","PrivacySuppressed","PrivacySuppressed","PrivacySuppressed","PrivacySuppressed","PrivacySuppressed","PrivacySuppressed","PrivacySuppressed","PrivacySuppressed","PrivacySuppressed","PrivacySuppressed","PrivacySuppressed","PrivacySuppressed"
"443492","040385","Pierpont Community and Technical College","Public","1","1205","Culinary Arts and Related Services.","2","Associate's Degree","14","12","13","PrivacySuppressed","PrivacySuppressed","13","PrivacySuppressed","PrivacySuppressed","PrivacySuppressed","PrivacySuppressed","PrivacySuppressed","PrivacySuppressed","PrivacySuppressed","PrivacySuppressed","PrivacySuppressed","PrivacySuppressed","PrivacySuppressed","PrivacySuppressed","PrivacySuppressed","PrivacySuppressed","PrivacySuppressed","PrivacySuppressed","PrivacySuppressed","PrivacySuppressed","PrivacySuppressed","PrivacySuppressed","PrivacySuppressed","PrivacySuppressed","PrivacySuppressed","PrivacySuppressed","PrivacySuppressed","PrivacySuppressed","PrivacySuppressed","PrivacySuppressed","PrivacySuppressed","PrivacySuppressed","PrivacySuppressed","PrivacySuppressed","PrivacySuppressed","PrivacySuppressed","PrivacySuppressed","PrivacySuppressed","PrivacySuppressed","PrivacySuppressed","PrivacySuppressed","PrivacySuppressed","PrivacySuppressed","PrivacySuppressed","PrivacySuppressed","PrivacySuppressed","PrivacySuppressed","PrivacySuppressed","PrivacySuppressed","PrivacySuppressed","PrivacySuppressed","PrivacySuppressed","PrivacySuppressed","PrivacySuppressed","PrivacySuppressed","PrivacySuppressed","PrivacySuppressed","PrivacySuppressed","PrivacySuppressed","PrivacySuppressed","PrivacySuppressed","PrivacySuppressed","3","11","13","25967","2","14","21","21052"
"443492","040385","Pierpont Community and Technical College","Public","1","1315","Teaching Assistants/Aides.","1","Undergraduate Certificate or Diploma","1","0","PrivacySuppressed","PrivacySuppressed","PrivacySuppressed","PrivacySuppressed","PrivacySuppressed","PrivacySuppressed","PrivacySuppressed","PrivacySuppressed","PrivacySuppressed","PrivacySuppressed","PrivacySuppressed","PrivacySuppressed","PrivacySuppressed","PrivacySuppressed","PrivacySuppressed","PrivacySuppressed","PrivacySuppressed","PrivacySuppressed","PrivacySuppressed","PrivacySuppressed","PrivacySuppressed","PrivacySuppressed","PrivacySuppressed","PrivacySuppressed","PrivacySuppressed","PrivacySuppressed","PrivacySuppressed","PrivacySuppressed","PrivacySuppressed","PrivacySuppressed","PrivacySuppressed","PrivacySuppressed","PrivacySuppressed","PrivacySuppressed","PrivacySuppressed","PrivacySuppressed","PrivacySuppressed","PrivacySuppressed","PrivacySuppressed","PrivacySuppressed","PrivacySuppressed","PrivacySuppressed","PrivacySuppressed","PrivacySuppressed","PrivacySuppressed","PrivacySuppressed","PrivacySuppressed","PrivacySuppressed","PrivacySuppressed","PrivacySuppressed","PrivacySuppressed","PrivacySuppressed","PrivacySuppressed","PrivacySuppressed","PrivacySuppressed","PrivacySuppressed","PrivacySuppressed","PrivacySuppressed","PrivacySuppressed","PrivacySuppressed","PrivacySuppressed","PrivacySuppressed","PrivacySuppressed","PrivacySuppressed","PrivacySuppressed","PrivacySuppressed","PrivacySuppressed","PrivacySuppressed","PrivacySuppressed","PrivacySuppressed","PrivacySuppressed","PrivacySuppressed"
"443492","040385","Pierpont Community and Technical College","Public","1","1315","Teaching Assistants/Aides.","2","Associate's Degree","1","0","PrivacySuppressed","PrivacySuppressed","PrivacySuppressed","PrivacySuppressed","PrivacySuppressed","PrivacySuppressed","PrivacySuppressed","PrivacySuppressed","PrivacySuppressed","PrivacySuppressed","PrivacySuppressed","PrivacySuppressed","PrivacySuppressed","PrivacySuppressed","PrivacySuppressed","PrivacySuppressed","PrivacySuppressed","PrivacySuppressed","PrivacySuppressed","PrivacySuppressed","PrivacySuppressed","PrivacySuppressed","PrivacySuppressed","PrivacySuppressed","PrivacySuppressed","PrivacySuppressed","PrivacySuppressed","PrivacySuppressed","PrivacySuppressed","PrivacySuppressed","PrivacySuppressed","PrivacySuppressed","PrivacySuppressed","PrivacySuppressed","PrivacySuppressed","PrivacySuppressed","PrivacySuppressed","PrivacySuppressed","PrivacySuppressed","PrivacySuppressed","PrivacySuppressed","PrivacySuppressed","PrivacySuppressed","PrivacySuppressed","PrivacySuppressed","PrivacySuppressed","PrivacySuppressed","PrivacySuppressed","PrivacySuppressed","PrivacySuppressed","PrivacySuppressed","PrivacySuppressed","PrivacySuppressed","PrivacySuppressed","PrivacySuppressed","PrivacySuppressed","PrivacySuppressed","PrivacySuppressed","PrivacySuppressed","PrivacySuppressed","PrivacySuppressed","PrivacySuppressed","PrivacySuppressed","PrivacySuppressed","PrivacySuppressed","PrivacySuppressed","PrivacySuppressed","PrivacySuppressed","PrivacySuppressed","PrivacySuppressed","PrivacySuppressed","PrivacySuppressed"
"443492","040385","Pierpont Community and Technical College","Public","1","1504","Electromechanical Instrumentation and Maintenance Technologies/Technicians.","2","Associate's Degree","NULL","NULL","PrivacySuppressed","PrivacySuppressed","PrivacySuppressed","PrivacySuppressed","PrivacySuppressed","PrivacySuppressed","PrivacySuppressed","PrivacySuppressed","PrivacySuppressed","PrivacySuppressed","PrivacySuppressed","PrivacySuppressed","PrivacySuppressed","PrivacySuppressed","PrivacySuppressed","PrivacySuppressed","PrivacySuppressed","PrivacySuppressed","PrivacySuppressed","PrivacySuppressed","PrivacySuppressed","PrivacySuppressed","PrivacySuppressed","PrivacySuppressed","PrivacySuppressed","PrivacySuppressed","PrivacySuppressed","PrivacySuppressed","PrivacySuppressed","PrivacySuppressed","PrivacySuppressed","PrivacySuppressed","PrivacySuppressed","PrivacySuppressed","PrivacySuppressed","PrivacySuppressed","PrivacySuppressed","PrivacySuppressed","PrivacySuppressed","PrivacySuppressed","PrivacySuppressed","PrivacySuppressed","PrivacySuppressed","PrivacySuppressed","PrivacySuppressed","PrivacySuppressed","PrivacySuppressed","PrivacySuppressed","PrivacySuppressed","PrivacySuppressed","PrivacySuppressed","PrivacySuppressed","PrivacySuppressed","PrivacySuppressed","PrivacySuppressed","PrivacySuppressed","PrivacySuppressed","PrivacySuppressed","PrivacySuppressed","PrivacySuppressed","PrivacySuppressed","PrivacySuppressed","PrivacySuppressed","PrivacySuppressed","PrivacySuppressed","PrivacySuppressed","PrivacySuppressed","PrivacySuppressed","PrivacySuppressed","PrivacySuppressed","PrivacySuppressed","PrivacySuppressed"
"443492","040385","Pierpont Community and Technical College","Public","1","1505","Environmental Control Technologies/Technicians.","1","Undergraduate Certificate or Diploma","0","NULL","PrivacySuppressed","PrivacySuppressed","PrivacySuppressed","PrivacySuppressed","PrivacySuppressed","PrivacySuppressed","PrivacySuppressed","PrivacySuppressed","PrivacySuppressed","PrivacySuppressed","PrivacySuppressed","PrivacySuppressed","PrivacySuppressed","PrivacySuppressed","PrivacySuppressed","PrivacySuppressed","PrivacySuppressed","PrivacySuppressed","PrivacySuppressed","PrivacySuppressed","PrivacySuppressed","PrivacySuppressed","PrivacySuppressed","PrivacySuppressed","PrivacySuppressed","PrivacySuppressed","PrivacySuppressed","PrivacySuppressed","PrivacySuppressed","PrivacySuppressed","PrivacySuppressed","PrivacySuppressed","PrivacySuppressed","PrivacySuppressed","PrivacySuppressed","PrivacySuppressed","PrivacySuppressed","PrivacySuppressed","PrivacySuppressed","PrivacySuppressed","PrivacySuppressed","PrivacySuppressed","PrivacySuppressed","PrivacySuppressed","PrivacySuppressed","PrivacySuppressed","PrivacySuppressed","PrivacySuppressed","PrivacySuppressed","PrivacySuppressed","PrivacySuppressed","PrivacySuppressed","PrivacySuppressed","PrivacySuppressed","PrivacySuppressed","PrivacySuppressed","PrivacySuppressed","PrivacySuppressed","PrivacySuppressed","PrivacySuppressed","PrivacySuppressed","PrivacySuppressed","PrivacySuppressed","PrivacySuppressed","PrivacySuppressed","PrivacySuppressed","PrivacySuppressed","PrivacySuppressed","PrivacySuppressed","PrivacySuppressed","PrivacySuppressed","PrivacySuppressed"
"443492","040385","Pierpont Community and Technical College","Public","1","1506","Industrial Production Technologies/Technicians.","2","Associate's Degree","0","0","PrivacySuppressed","PrivacySuppressed","PrivacySuppressed","PrivacySuppressed","PrivacySuppressed","PrivacySuppressed","PrivacySuppressed","PrivacySuppressed","PrivacySuppressed","PrivacySuppressed","PrivacySuppressed","PrivacySuppressed","PrivacySuppressed","PrivacySuppressed","PrivacySuppressed","PrivacySuppressed","PrivacySuppressed","PrivacySuppressed","PrivacySuppressed","PrivacySuppressed","PrivacySuppressed","PrivacySuppressed","PrivacySuppressed","PrivacySuppressed","PrivacySuppressed","PrivacySuppressed","PrivacySuppressed","PrivacySuppressed","PrivacySuppressed","PrivacySuppressed","PrivacySuppressed","PrivacySuppressed","PrivacySuppressed","PrivacySuppressed","PrivacySuppressed","PrivacySuppressed","PrivacySuppressed","PrivacySuppressed","PrivacySuppressed","PrivacySuppressed","PrivacySuppressed","PrivacySuppressed","PrivacySuppressed","PrivacySuppressed","PrivacySuppressed","PrivacySuppressed","PrivacySuppressed","PrivacySuppressed","PrivacySuppressed","PrivacySuppressed","PrivacySuppressed","PrivacySuppressed","PrivacySuppressed","PrivacySuppressed","PrivacySuppressed","PrivacySuppressed","PrivacySuppressed","PrivacySuppressed","PrivacySuppressed","PrivacySuppressed","PrivacySuppressed","PrivacySuppressed","PrivacySuppressed","PrivacySuppressed","PrivacySuppressed","PrivacySuppressed","PrivacySuppressed","PrivacySuppressed","PrivacySuppressed","PrivacySuppressed","PrivacySuppressed","PrivacySuppressed"
"443492","040385","Pierpont Community and Technical College","Public","1","1509","Mining and Petroleum Technologies/Technicians.","1","Undergraduate Certificate or Diploma","10","8","10","8209","PrivacySuppressed","PrivacySuppressed","PrivacySuppressed","PrivacySuppressed","PrivacySuppressed","PrivacySuppressed","PrivacySuppressed","PrivacySuppressed","PrivacySuppressed","PrivacySuppressed","PrivacySuppressed","PrivacySuppressed","PrivacySuppressed","PrivacySuppressed","PrivacySuppressed","PrivacySuppressed","PrivacySuppressed","PrivacySuppressed","PrivacySuppressed","PrivacySuppressed","PrivacySuppressed","PrivacySuppressed","PrivacySuppressed","PrivacySuppressed","PrivacySuppressed","PrivacySuppressed","PrivacySuppressed","PrivacySuppressed","PrivacySuppressed","PrivacySuppressed","PrivacySuppressed","PrivacySuppressed","PrivacySuppressed","PrivacySuppressed","PrivacySuppressed","PrivacySuppressed","PrivacySuppressed","PrivacySuppressed","PrivacySuppressed","PrivacySuppressed","PrivacySuppressed","PrivacySuppressed","PrivacySuppressed","PrivacySuppressed","PrivacySuppressed","PrivacySuppressed","PrivacySuppressed","PrivacySuppressed","PrivacySuppressed","PrivacySuppressed","PrivacySuppressed","PrivacySuppressed","PrivacySuppressed","PrivacySuppressed","PrivacySuppressed","PrivacySuppressed","PrivacySuppressed","PrivacySuppressed","PrivacySuppressed","PrivacySuppressed","PrivacySuppressed","PrivacySuppressed","PrivacySuppressed","PrivacySuppressed","PrivacySuppressed","PrivacySuppressed","PrivacySuppressed","PrivacySuppressed","PrivacySuppressed","PrivacySuppressed"
"443492","040385","Pierpont Community and Technical College","Public","1","1509","Mining and Petroleum Technologies/Technicians.","2","Associate's Degree","12","10","11","8508","PrivacySuppressed","PrivacySuppressed","PrivacySuppressed","PrivacySuppressed","PrivacySuppressed","PrivacySuppressed","PrivacySuppressed","PrivacySuppressed","PrivacySuppressed","PrivacySuppressed","PrivacySuppressed","PrivacySuppressed","PrivacySuppressed","PrivacySuppressed","PrivacySuppressed","PrivacySuppressed","PrivacySuppressed","PrivacySuppressed","PrivacySuppressed","PrivacySuppressed","PrivacySuppressed","PrivacySuppressed","PrivacySuppressed","PrivacySuppressed","PrivacySuppressed","PrivacySuppressed","PrivacySuppressed","PrivacySuppressed","PrivacySuppressed","PrivacySuppressed","PrivacySuppressed","PrivacySuppressed","PrivacySuppressed","PrivacySuppressed","PrivacySuppressed","PrivacySuppressed","PrivacySuppressed","PrivacySuppressed","PrivacySuppressed","PrivacySuppressed","PrivacySuppressed","PrivacySuppressed","PrivacySuppressed","PrivacySuppressed","PrivacySuppressed","PrivacySuppressed","PrivacySuppressed","PrivacySuppressed","PrivacySuppressed","PrivacySuppressed","PrivacySuppressed","PrivacySuppressed","PrivacySuppressed","PrivacySuppressed","PrivacySuppressed","PrivacySuppressed","PrivacySuppressed","PrivacySuppressed","PrivacySuppressed","PrivacySuppressed","PrivacySuppressed","PrivacySuppressed","1","20","22","61516","1","15","16","57318"
"443492","040385","Pierpont Community and Technical College","Public","1","1513","Drafting/Design Engineering Technologies/Technicians.","2","Associate's Degree","4","6","PrivacySuppressed","PrivacySuppressed","PrivacySuppressed","PrivacySuppressed","PrivacySuppressed","PrivacySuppressed","PrivacySuppressed","PrivacySuppressed","PrivacySuppressed","PrivacySuppressed","PrivacySuppressed","PrivacySuppressed","PrivacySuppressed","PrivacySuppressed","PrivacySuppressed","PrivacySuppressed","PrivacySuppressed","PrivacySuppressed","PrivacySuppressed","PrivacySuppressed","PrivacySuppressed","PrivacySuppressed","PrivacySuppressed","PrivacySuppressed","PrivacySuppressed","PrivacySuppressed","PrivacySuppressed","PrivacySuppressed","PrivacySuppressed","PrivacySuppressed","PrivacySuppressed","PrivacySuppressed","PrivacySuppressed","PrivacySuppressed","PrivacySuppressed","PrivacySuppressed","PrivacySuppressed","PrivacySuppressed","PrivacySuppressed","PrivacySuppressed","PrivacySuppressed","PrivacySuppressed","PrivacySuppressed","PrivacySuppressed","PrivacySuppressed","PrivacySuppressed","PrivacySuppressed","PrivacySuppressed","PrivacySuppressed","PrivacySuppressed","PrivacySuppressed","PrivacySuppressed","PrivacySuppressed","PrivacySuppressed","PrivacySuppressed","PrivacySuppressed","PrivacySuppressed","PrivacySuppressed","PrivacySuppressed","PrivacySuppressed","PrivacySuppressed","PrivacySuppressed","PrivacySuppressed","PrivacySuppressed","PrivacySuppressed","PrivacySuppressed","PrivacySuppressed","PrivacySuppressed","PrivacySuppressed","PrivacySuppressed","PrivacySuppressed","PrivacySuppressed"
"443492","040385","Pierpont Community and Technical College","Public","1","1599","Engineering Technologies/Technicians, Other.","2","Associate's Degree","13","16","21","16935","14125","20","14356","12000","PrivacySuppressed","PrivacySuppressed","PrivacySuppressed","PrivacySuppressed","PrivacySuppressed","PrivacySuppressed","PrivacySuppressed","PrivacySuppressed","PrivacySuppressed","PrivacySuppressed","PrivacySuppressed","PrivacySuppressed","PrivacySuppressed","PrivacySuppressed","PrivacySuppressed","PrivacySuppressed","PrivacySuppressed","PrivacySuppressed","PrivacySuppressed","PrivacySuppressed","PrivacySuppressed","PrivacySuppressed","PrivacySuppressed","PrivacySuppressed","PrivacySuppressed","PrivacySuppressed","PrivacySuppressed","PrivacySuppressed","PrivacySuppressed","PrivacySuppressed","11","20389","PrivacySuppressed","10","17478","PrivacySuppressed","PrivacySuppressed","PrivacySuppressed","PrivacySuppressed","PrivacySuppressed","PrivacySuppressed","PrivacySuppressed","10","PrivacySuppressed","PrivacySuppressed","10","PrivacySuppressed","PrivacySuppressed","PrivacySuppressed","PrivacySuppressed","PrivacySuppressed","PrivacySuppressed","PrivacySuppressed","PrivacySuppressed","PrivacySuppressed","PrivacySuppressed","135","114","0","14","15","90412","PrivacySuppressed","PrivacySuppressed","PrivacySuppressed","PrivacySuppressed"
"443492","040385","Pierpont Community and Technical College","Public","1","1616","American Sign Language.","1","Undergraduate Certificate or Diploma","0","0","PrivacySuppressed","PrivacySuppressed","PrivacySuppressed","PrivacySuppressed","PrivacySuppressed","PrivacySuppressed","PrivacySuppressed","PrivacySuppressed","PrivacySuppressed","PrivacySuppressed","PrivacySuppressed","PrivacySuppressed","PrivacySuppressed","PrivacySuppressed","PrivacySuppressed","PrivacySuppressed","PrivacySuppressed","PrivacySuppressed","PrivacySuppressed","PrivacySuppressed","PrivacySuppressed","PrivacySuppressed","PrivacySuppressed","PrivacySuppressed","PrivacySuppressed","PrivacySuppressed","PrivacySuppressed","PrivacySuppressed","PrivacySuppressed","PrivacySuppressed","PrivacySuppressed","PrivacySuppressed","PrivacySuppressed","PrivacySuppressed","PrivacySuppressed","PrivacySuppressed","PrivacySuppressed","PrivacySuppressed","PrivacySuppressed","PrivacySuppressed","PrivacySuppressed","PrivacySuppressed","PrivacySuppressed","PrivacySuppressed","PrivacySuppressed","PrivacySuppressed","PrivacySuppressed","PrivacySuppressed","PrivacySuppressed","PrivacySuppressed","PrivacySuppressed","PrivacySuppressed","PrivacySuppressed","PrivacySuppressed","PrivacySuppressed","PrivacySuppressed","PrivacySuppressed","PrivacySuppressed","PrivacySuppressed","PrivacySuppressed","PrivacySuppressed","PrivacySuppressed","PrivacySuppressed","PrivacySuppressed","PrivacySuppressed","PrivacySuppressed","PrivacySuppressed","PrivacySuppressed","PrivacySuppressed","PrivacySuppressed","PrivacySuppressed","PrivacySuppressed"
"443492","040385","Pierpont Community and Technical College","Public","1","1616","American Sign Language.","2","Associate's Degree","4","1","PrivacySuppressed","PrivacySuppressed","PrivacySuppressed","PrivacySuppressed","PrivacySuppressed","PrivacySuppressed","PrivacySuppressed","PrivacySuppressed","PrivacySuppressed","PrivacySuppressed","PrivacySuppressed","PrivacySuppressed","PrivacySuppressed","PrivacySuppressed","PrivacySuppressed","PrivacySuppressed","PrivacySuppressed","PrivacySuppressed","PrivacySuppressed","PrivacySuppressed","PrivacySuppressed","PrivacySuppressed","PrivacySuppressed","PrivacySuppressed","PrivacySuppressed","PrivacySuppressed","PrivacySuppressed","PrivacySuppressed","PrivacySuppressed","PrivacySuppressed","PrivacySuppressed","PrivacySuppressed","PrivacySuppressed","PrivacySuppressed","PrivacySuppressed","PrivacySuppressed","PrivacySuppressed","PrivacySuppressed","PrivacySuppressed","PrivacySuppressed","PrivacySuppressed","PrivacySuppressed","PrivacySuppressed","PrivacySuppressed","PrivacySuppressed","PrivacySuppressed","PrivacySuppressed","PrivacySuppressed","PrivacySuppressed","PrivacySuppressed","PrivacySuppressed","PrivacySuppressed","PrivacySuppressed","PrivacySuppressed","PrivacySuppressed","PrivacySuppressed","PrivacySuppressed","PrivacySuppressed","PrivacySuppressed","PrivacySuppressed","PrivacySuppressed","PrivacySuppressed","PrivacySuppressed","PrivacySuppressed","PrivacySuppressed","PrivacySuppressed","PrivacySuppressed","PrivacySuppressed","PrivacySuppressed","PrivacySuppressed","PrivacySuppressed","PrivacySuppressed"
"443492","040385","Pierpont Community and Technical College","Public","1","1616","American Sign Language.","3","Bachelors Degree","NULL","NULL","PrivacySuppressed","PrivacySuppressed","PrivacySuppressed","PrivacySuppressed","PrivacySuppressed","PrivacySuppressed","PrivacySuppressed","PrivacySuppressed","PrivacySuppressed","PrivacySuppressed","PrivacySuppressed","PrivacySuppressed","PrivacySuppressed","PrivacySuppressed","PrivacySuppressed","PrivacySuppressed","PrivacySuppressed","PrivacySuppressed","PrivacySuppressed","PrivacySuppressed","PrivacySuppressed","PrivacySuppressed","PrivacySuppressed","PrivacySuppressed","PrivacySuppressed","PrivacySuppressed","PrivacySuppressed","PrivacySuppressed","PrivacySuppressed","PrivacySuppressed","PrivacySuppressed","PrivacySuppressed","PrivacySuppressed","PrivacySuppressed","PrivacySuppressed","PrivacySuppressed","PrivacySuppressed","PrivacySuppressed","PrivacySuppressed","PrivacySuppressed","PrivacySuppressed","PrivacySuppressed","PrivacySuppressed","PrivacySuppressed","PrivacySuppressed","PrivacySuppressed","PrivacySuppressed","PrivacySuppressed","PrivacySuppressed","PrivacySuppressed","PrivacySuppressed","PrivacySuppressed","PrivacySuppressed","PrivacySuppressed","PrivacySuppressed","PrivacySuppressed","PrivacySuppressed","PrivacySuppressed","PrivacySuppressed","PrivacySuppressed","PrivacySuppressed","PrivacySuppressed","PrivacySuppressed","PrivacySuppressed","PrivacySuppressed","PrivacySuppressed","PrivacySuppressed","PrivacySuppressed","PrivacySuppressed","PrivacySuppressed","PrivacySuppressed","PrivacySuppressed"
"443492","040385","Pierpont Community and Technical College","Public","1","1907","Human Development, Family Studies, and Related Services.","2","Associate's Degree","14","12","16","PrivacySuppressed","PrivacySuppressed","16","PrivacySuppressed","PrivacySuppressed","PrivacySuppressed","PrivacySuppressed","PrivacySuppressed","PrivacySuppressed","PrivacySuppressed","PrivacySuppressed","PrivacySuppressed","PrivacySuppressed","PrivacySuppressed","PrivacySuppressed","PrivacySuppressed","PrivacySuppressed","PrivacySuppressed","PrivacySuppressed","PrivacySuppressed","PrivacySuppressed","PrivacySuppressed","PrivacySuppressed","PrivacySuppressed","PrivacySuppressed","PrivacySuppressed","PrivacySuppressed","PrivacySuppressed","PrivacySuppressed","PrivacySuppressed","PrivacySuppressed","PrivacySuppressed","PrivacySuppressed","PrivacySuppressed","PrivacySuppressed","PrivacySuppressed","PrivacySuppressed","PrivacySuppressed","PrivacySuppressed","PrivacySuppressed","PrivacySuppressed","PrivacySuppressed","PrivacySuppressed","PrivacySuppressed","PrivacySuppressed","PrivacySuppressed","PrivacySuppressed","PrivacySuppressed","PrivacySuppressed","PrivacySuppressed","PrivacySuppressed","PrivacySuppressed","PrivacySuppressed","PrivacySuppressed","PrivacySuppressed","PrivacySuppressed","PrivacySuppressed","PrivacySuppressed","PrivacySuppressed","PrivacySuppressed","PrivacySuppressed","PrivacySuppressed","PrivacySuppressed","1","11","16","20140","4","10","14","19358"
"443492","040385","Pierpont Community and Technical College","Public","1","2203","Legal Support Services.","2","Associate's Degree","5","2","PrivacySuppressed","PrivacySuppressed","PrivacySuppressed","PrivacySuppressed","PrivacySuppressed","PrivacySuppressed","PrivacySuppressed","PrivacySuppressed","PrivacySuppressed","PrivacySuppressed","PrivacySuppressed","PrivacySuppressed","PrivacySuppressed","PrivacySuppressed","PrivacySuppressed","PrivacySuppressed","PrivacySuppressed","PrivacySuppressed","PrivacySuppressed","PrivacySuppressed","PrivacySuppressed","PrivacySuppressed","PrivacySuppressed","PrivacySuppressed","PrivacySuppressed","PrivacySuppressed","PrivacySuppressed","PrivacySuppressed","PrivacySuppressed","PrivacySuppressed","PrivacySuppressed","PrivacySuppressed","PrivacySuppressed","PrivacySuppressed","PrivacySuppressed","PrivacySuppressed","PrivacySuppressed","PrivacySuppressed","PrivacySuppressed","PrivacySuppressed","PrivacySuppressed","PrivacySuppressed","PrivacySuppressed","PrivacySuppressed","PrivacySuppressed","PrivacySuppressed","PrivacySuppressed","PrivacySuppressed","PrivacySuppressed","PrivacySuppressed","PrivacySuppressed","PrivacySuppressed","PrivacySuppressed","PrivacySuppressed","PrivacySuppressed","PrivacySuppressed","PrivacySuppressed","PrivacySuppressed","PrivacySuppressed","PrivacySuppressed","PrivacySuppressed","PrivacySuppressed","PrivacySuppressed","PrivacySuppressed","PrivacySuppressed","PrivacySuppressed","PrivacySuppressed","PrivacySuppressed","PrivacySuppressed","PrivacySuppressed","PrivacySuppressed","PrivacySuppressed"
"443492","040385","Pierpont Community and Technical College","Public","1","2401","Liberal Arts and Sciences, General Studies and Humanities.","2","Associate's Degree","63","82","59","20934","16507","55","14897","13125","10","7518","PrivacySuppressed","PrivacySuppressed","PrivacySuppressed","PrivacySuppressed","18","24499","PrivacySuppressed","16","14552","PrivacySuppressed","PrivacySuppressed","PrivacySuppressed","PrivacySuppressed","PrivacySuppressed","PrivacySuppressed","PrivacySuppressed","41","19368","PrivacySuppressed","39","15039","PrivacySuppressed","PrivacySuppressed","PrivacySuppressed","PrivacySuppressed","PrivacySuppressed","PrivacySuppressed","PrivacySuppressed","49","22466","PrivacySuppressed","PrivacySuppressed","PrivacySuppressed","PrivacySuppressed","PrivacySuppressed","PrivacySuppressed","PrivacySuppressed","PrivacySuppressed","PrivacySuppressed","PrivacySuppressed","10","13423","PrivacySuppressed","PrivacySuppressed","PrivacySuppressed","PrivacySuppressed","PrivacySuppressed","PrivacySuppressed","PrivacySuppressed","PrivacySuppressed","PrivacySuppressed","PrivacySuppressed","PrivacySuppressed","PrivacySuppressed","157","125","4","22","32","25774","5","16","26","22192"
"443492","040385","Pierpont Community and Technical College","Public","1","2401","Liberal Arts and Sciences, General Studies and Humanities.","3","Bachelors Degree","NULL","NULL","PrivacySuppressed","PrivacySuppressed","PrivacySuppressed","PrivacySuppressed","PrivacySuppressed","PrivacySuppressed","PrivacySuppressed","PrivacySuppressed","PrivacySuppressed","PrivacySuppressed","PrivacySuppressed","PrivacySuppressed","PrivacySuppressed","PrivacySuppressed","PrivacySuppressed","PrivacySuppressed","PrivacySuppressed","PrivacySuppressed","PrivacySuppressed","PrivacySuppressed","PrivacySuppressed","PrivacySuppressed","PrivacySuppressed","PrivacySuppressed","PrivacySuppressed","PrivacySuppressed","PrivacySuppressed","PrivacySuppressed","PrivacySuppressed","PrivacySuppressed","PrivacySuppressed","PrivacySuppressed","PrivacySuppressed","PrivacySuppressed","PrivacySuppressed","PrivacySuppressed","PrivacySuppressed","PrivacySuppressed","PrivacySuppressed","PrivacySuppressed","PrivacySuppressed","PrivacySuppressed","PrivacySuppressed","PrivacySuppressed","PrivacySuppressed","PrivacySuppressed","PrivacySuppressed","PrivacySuppressed","PrivacySuppressed","PrivacySuppressed","PrivacySuppressed","PrivacySuppressed","PrivacySuppressed","PrivacySuppressed","PrivacySuppressed","PrivacySuppressed","PrivacySuppressed","PrivacySuppressed","PrivacySuppressed","PrivacySuppressed","PrivacySuppressed","PrivacySuppressed","PrivacySuppressed","PrivacySuppressed","PrivacySuppressed","PrivacySuppressed","PrivacySuppressed","PrivacySuppressed","PrivacySuppressed","PrivacySuppressed","PrivacySuppressed","PrivacySuppressed"
"443492","040385","Pierpont Community and Technical College","Public","1","3099","Multi/Interdisciplinary Studies, Other.","2","Associate's Degree","1","1","PrivacySuppressed","PrivacySuppressed","PrivacySuppressed","PrivacySuppressed","PrivacySuppressed","PrivacySuppressed","PrivacySuppressed","PrivacySuppressed","PrivacySuppressed","PrivacySuppressed","PrivacySuppressed","PrivacySuppressed","PrivacySuppressed","PrivacySuppressed","PrivacySuppressed","PrivacySuppressed","PrivacySuppressed","PrivacySuppressed","PrivacySuppressed","PrivacySuppressed","PrivacySuppressed","PrivacySuppressed","PrivacySuppressed","PrivacySuppressed","PrivacySuppressed","PrivacySuppressed","PrivacySuppressed","PrivacySuppressed","PrivacySuppressed","PrivacySuppressed","PrivacySuppressed","PrivacySuppressed","PrivacySuppressed","PrivacySuppressed","PrivacySuppressed","PrivacySuppressed","PrivacySuppressed","PrivacySuppressed","PrivacySuppressed","PrivacySuppressed","PrivacySuppressed","PrivacySuppressed","PrivacySuppressed","PrivacySuppressed","PrivacySuppressed","PrivacySuppressed","PrivacySuppressed","PrivacySuppressed","PrivacySuppressed","PrivacySuppressed","PrivacySuppressed","PrivacySuppressed","PrivacySuppressed","PrivacySuppressed","PrivacySuppressed","PrivacySuppressed","PrivacySuppressed","PrivacySuppressed","PrivacySuppressed","PrivacySuppressed","PrivacySuppressed","PrivacySuppressed","PrivacySuppressed","PrivacySuppressed","PrivacySuppressed","PrivacySuppressed","PrivacySuppressed","PrivacySuppressed","PrivacySuppressed","PrivacySuppressed","PrivacySuppressed","PrivacySuppressed"
"443492","040385","Pierpont Community and Technical College","Public","1","4199","Science Technologies/Technicians, Other.","2","Associate's Degree","19","15","20","13416","14500","18","11265","PrivacySuppressed","PrivacySuppressed","PrivacySuppressed","PrivacySuppressed","PrivacySuppressed","PrivacySuppressed","PrivacySuppressed","PrivacySuppressed","PrivacySuppressed","PrivacySuppressed","PrivacySuppressed","PrivacySuppressed","PrivacySuppressed","PrivacySuppressed","PrivacySuppressed","PrivacySuppressed","PrivacySuppressed","PrivacySuppressed","PrivacySuppressed","PrivacySuppressed","PrivacySuppressed","PrivacySuppressed","PrivacySuppressed","PrivacySuppressed","PrivacySuppressed","PrivacySuppressed","PrivacySuppressed","PrivacySuppressed","PrivacySuppressed","PrivacySuppressed","PrivacySuppressed","10","10438","PrivacySuppressed","PrivacySuppressed","PrivacySuppressed","PrivacySuppressed","PrivacySuppressed","PrivacySuppressed","PrivacySuppressed","PrivacySuppressed","PrivacySuppressed","PrivacySuppressed","10","16395","PrivacySuppressed","PrivacySuppressed","PrivacySuppressed","PrivacySuppressed","PrivacySuppressed","PrivacySuppressed","PrivacySuppressed","PrivacySuppressed","PrivacySuppressed","PrivacySuppressed","PrivacySuppressed","PrivacySuppressed","138","PrivacySuppressed","0","17","18","42682","0","14","17","41565"
"443492","040385","Pierpont Community and Technical College","Public","1","4301","Criminal Justice and Corrections.","2","Associate's Degree","12","9","13","18379","PrivacySuppressed","12","17139","PrivacySuppressed","PrivacySuppressed","PrivacySuppressed","PrivacySuppressed","PrivacySuppressed","PrivacySuppressed","PrivacySuppressed","PrivacySuppressed","PrivacySuppressed","PrivacySuppressed","PrivacySuppressed","PrivacySuppressed","PrivacySuppressed","PrivacySuppressed","PrivacySuppressed","PrivacySuppressed","PrivacySuppressed","PrivacySuppressed","PrivacySuppressed","PrivacySuppressed","PrivacySuppressed","PrivacySuppressed","PrivacySuppressed","PrivacySuppressed","PrivacySuppressed","PrivacySuppressed","PrivacySuppressed","PrivacySuppressed","PrivacySuppressed","PrivacySuppressed","PrivacySuppressed","PrivacySuppressed","PrivacySuppressed","PrivacySuppressed","PrivacySuppressed","PrivacySuppressed","PrivacySuppressed","PrivacySuppressed","PrivacySuppressed","PrivacySuppressed","PrivacySuppressed","PrivacySuppressed","PrivacySuppressed","PrivacySuppressed","PrivacySuppressed","PrivacySuppressed","PrivacySuppressed","PrivacySuppressed","PrivacySuppressed","PrivacySuppressed","PrivacySuppressed","PrivacySuppressed","PrivacySuppressed","PrivacySuppressed","PrivacySuppressed","PrivacySuppressed","PrivacySuppressed","PrivacySuppressed","PrivacySuppressed","PrivacySuppressed","PrivacySuppressed","PrivacySuppressed","PrivacySuppressed","0","9","11","29685"
"443492","040385","Pierpont Community and Technical College","Public","1","4603","Electrical and Power Transmission Installers.","2","Associate's Degree","29","27","29","13239","11500","24","10833","11500","PrivacySuppressed","PrivacySuppressed","PrivacySuppressed","PrivacySuppressed","PrivacySuppressed","PrivacySuppressed","PrivacySuppressed","PrivacySuppressed","PrivacySuppressed","PrivacySuppressed","PrivacySuppressed","PrivacySuppressed","PrivacySuppressed","PrivacySuppressed","PrivacySuppressed","PrivacySuppressed","PrivacySuppressed","PrivacySuppressed","PrivacySuppressed","PrivacySuppressed","PrivacySuppressed","PrivacySuppressed","PrivacySuppressed","PrivacySuppressed","PrivacySuppressed","PrivacySuppressed","PrivacySuppressed","PrivacySuppressed","PrivacySuppressed","PrivacySuppressed","18","13479","PrivacySuppressed","PrivacySuppressed","PrivacySuppressed","PrivacySuppressed","PrivacySuppressed","PrivacySuppressed","PrivacySuppressed","PrivacySuppressed","PrivacySuppressed","PrivacySuppressed","11","12847","PrivacySuppressed","PrivacySuppressed","PrivacySuppressed","PrivacySuppressed","PrivacySuppressed","PrivacySuppressed","PrivacySuppressed","PrivacySuppressed","PrivacySuppressed","PrivacySuppressed","PrivacySuppressed","PrivacySuppressed","110","110","0","40","41","96691","0","37","37","86867"
"443492","040385","Pierpont Community and Technical College","Public","1","4706","Vehicle Maintenance and Repair Technologies.","2","Associate's Degree","16","7","14","11979","PrivacySuppressed","13","10087","PrivacySuppressed","PrivacySuppressed","PrivacySuppressed","PrivacySuppressed","PrivacySuppressed","PrivacySuppressed","PrivacySuppressed","PrivacySuppressed","PrivacySuppressed","PrivacySuppressed","PrivacySuppressed","PrivacySuppressed","PrivacySuppressed","PrivacySuppressed","PrivacySuppressed","PrivacySuppressed","PrivacySuppressed","PrivacySuppressed","PrivacySuppressed","PrivacySuppressed","PrivacySuppressed","PrivacySuppressed","PrivacySuppressed","PrivacySuppressed","PrivacySuppressed","PrivacySuppressed","PrivacySuppressed","PrivacySuppressed","PrivacySuppressed","PrivacySuppressed","PrivacySuppressed","PrivacySuppressed","PrivacySuppressed","PrivacySuppressed","PrivacySuppressed","PrivacySuppressed","PrivacySuppressed","PrivacySuppressed","PrivacySuppressed","PrivacySuppressed","PrivacySuppressed","PrivacySuppressed","PrivacySuppressed","PrivacySuppressed","PrivacySuppressed","PrivacySuppressed","PrivacySuppressed","PrivacySuppressed","PrivacySuppressed","PrivacySuppressed","PrivacySuppressed","PrivacySuppressed","PrivacySuppressed","PrivacySuppressed","PrivacySuppressed","PrivacySuppressed","PrivacySuppressed","PrivacySuppressed","PrivacySuppressed","1","11","13","33993","PrivacySuppressed","PrivacySuppressed","PrivacySuppressed","PrivacySuppressed"
"443492","040385","Pierpont Community and Technical College","Public","1","5004","Design and Applied Arts.","2","Associate's Degree","7","4","PrivacySuppressed","PrivacySuppressed","PrivacySuppressed","PrivacySuppressed","PrivacySuppressed","PrivacySuppressed","PrivacySuppressed","PrivacySuppressed","PrivacySuppressed","PrivacySuppressed","PrivacySuppressed","PrivacySuppressed","PrivacySuppressed","PrivacySuppressed","PrivacySuppressed","PrivacySuppressed","PrivacySuppressed","PrivacySuppressed","PrivacySuppressed","PrivacySuppressed","PrivacySuppressed","PrivacySuppressed","PrivacySuppressed","PrivacySuppressed","PrivacySuppressed","PrivacySuppressed","PrivacySuppressed","PrivacySuppressed","PrivacySuppressed","PrivacySuppressed","PrivacySuppressed","PrivacySuppressed","PrivacySuppressed","PrivacySuppressed","PrivacySuppressed","PrivacySuppressed","PrivacySuppressed","PrivacySuppressed","PrivacySuppressed","PrivacySuppressed","PrivacySuppressed","PrivacySuppressed","PrivacySuppressed","PrivacySuppressed","PrivacySuppressed","PrivacySuppressed","PrivacySuppressed","PrivacySuppressed","PrivacySuppressed","PrivacySuppressed","PrivacySuppressed","PrivacySuppressed","PrivacySuppressed","PrivacySuppressed","PrivacySuppressed","PrivacySuppressed","PrivacySuppressed","PrivacySuppressed","PrivacySuppressed","PrivacySuppressed","PrivacySuppressed","PrivacySuppressed","PrivacySuppressed","PrivacySuppressed","PrivacySuppressed","PrivacySuppressed","PrivacySuppressed","PrivacySuppressed","PrivacySuppressed","PrivacySuppressed","PrivacySuppressed","PrivacySuppressed"
"443492","040385","Pierpont Community and Technical College","Public","1","5107","Health and Medical Administrative Services.","2","Associate's Degree","16","11","18","17156","PrivacySuppressed","16","13709","PrivacySuppressed","PrivacySuppressed","PrivacySuppressed","PrivacySuppressed","PrivacySuppressed","PrivacySuppressed","PrivacySuppressed","PrivacySuppressed","PrivacySuppressed","PrivacySuppressed","PrivacySuppressed","PrivacySuppressed","PrivacySuppressed","PrivacySuppressed","PrivacySuppressed","PrivacySuppressed","PrivacySuppressed","PrivacySuppressed","PrivacySuppressed","PrivacySuppressed","PrivacySuppressed","PrivacySuppressed","PrivacySuppressed","PrivacySuppressed","PrivacySuppressed","PrivacySuppressed","PrivacySuppressed","PrivacySuppressed","PrivacySuppressed","PrivacySuppressed","PrivacySuppressed","PrivacySuppressed","PrivacySuppressed","PrivacySuppressed","PrivacySuppressed","PrivacySuppressed","PrivacySuppressed","PrivacySuppressed","PrivacySuppressed","PrivacySuppressed","PrivacySuppressed","PrivacySuppressed","PrivacySuppressed","PrivacySuppressed","PrivacySuppressed","PrivacySuppressed","PrivacySuppressed","PrivacySuppressed","PrivacySuppressed","PrivacySuppressed","PrivacySuppressed","PrivacySuppressed","PrivacySuppressed","PrivacySuppressed","PrivacySuppressed","PrivacySuppressed","PrivacySuppressed","PrivacySuppressed","PrivacySuppressed","0","17","18","32391","1","14","15","32029"
"443492","040385","Pierpont Community and Technical College","Public","1","5108","Allied Health and Medical Assisting Services.","1","Undergraduate Certificate or Diploma","NULL","4","PrivacySuppressed","PrivacySuppressed","PrivacySuppressed","PrivacySuppressed","PrivacySuppressed","PrivacySuppressed","PrivacySuppressed","PrivacySuppressed","PrivacySuppressed","PrivacySuppressed","PrivacySuppressed","PrivacySuppressed","PrivacySuppressed","PrivacySuppressed","PrivacySuppressed","PrivacySuppressed","PrivacySuppressed","PrivacySuppressed","PrivacySuppressed","PrivacySuppressed","PrivacySuppressed","PrivacySuppressed","PrivacySuppressed","PrivacySuppressed","PrivacySuppressed","PrivacySuppressed","PrivacySuppressed","PrivacySuppressed","PrivacySuppressed","PrivacySuppressed","PrivacySuppressed","PrivacySuppressed","PrivacySuppressed","PrivacySuppressed","PrivacySuppressed","PrivacySuppressed","PrivacySuppressed","PrivacySuppressed","PrivacySuppressed","PrivacySuppressed","PrivacySuppressed","PrivacySuppressed","PrivacySuppressed","PrivacySuppressed","PrivacySuppressed","PrivacySuppressed","PrivacySuppressed","PrivacySuppressed","PrivacySuppressed","PrivacySuppressed","PrivacySuppressed","PrivacySuppressed","PrivacySuppressed","PrivacySuppressed","PrivacySuppressed","PrivacySuppressed","PrivacySuppressed","PrivacySuppressed","PrivacySuppressed","PrivacySuppressed","PrivacySuppressed","PrivacySuppressed","PrivacySuppressed","PrivacySuppressed","PrivacySuppressed","PrivacySuppressed","PrivacySuppressed","PrivacySuppressed","PrivacySuppressed","PrivacySuppressed","PrivacySuppressed","PrivacySuppressed"
"443492","040385","Pierpont Community and Technical College","Public","1","5108","Allied Health and Medical Assisting Services.","2","Associate's Degree","51","51","38","19309","18500","32","13236","12500","PrivacySuppressed","PrivacySuppressed","PrivacySuppressed","PrivacySuppressed","PrivacySuppressed","PrivacySuppressed","PrivacySuppressed","PrivacySuppressed","PrivacySuppressed","PrivacySuppressed","PrivacySuppressed","PrivacySuppressed","PrivacySuppressed","PrivacySuppressed","PrivacySuppressed","PrivacySuppressed","PrivacySuppressed","PrivacySuppressed","PrivacySuppressed","PrivacySuppressed","PrivacySuppressed","PrivacySuppressed","PrivacySuppressed","PrivacySuppressed","PrivacySuppressed","PrivacySuppressed","PrivacySuppressed","PrivacySuppressed","PrivacySuppressed","PrivacySuppressed","22","19931","PrivacySuppressed","19","14003","PrivacySuppressed","PrivacySuppressed","PrivacySuppressed","PrivacySuppressed","PrivacySuppressed","PrivacySuppressed","PrivacySuppressed","16","18455","PrivacySuppressed","13","12116","PrivacySuppressed","PrivacySuppressed","PrivacySuppressed","PrivacySuppressed","PrivacySuppressed","PrivacySuppressed","PrivacySuppressed","PrivacySuppressed","PrivacySuppressed","177","119","2","33","38","41193","2","46","51","40365"
"443492","040385","Pierpont Community and Technical College","Public","1","5109","Allied Health Diagnostic, Intervention, and Treatment Professions.","1","Undergraduate Certificate or Diploma","3","1","PrivacySuppressed","PrivacySuppressed","PrivacySuppressed","PrivacySuppressed","PrivacySuppressed","PrivacySuppressed","PrivacySuppressed","PrivacySuppressed","PrivacySuppressed","PrivacySuppressed","PrivacySuppressed","PrivacySuppressed","PrivacySuppressed","PrivacySuppressed","PrivacySuppressed","PrivacySuppressed","PrivacySuppressed","PrivacySuppressed","PrivacySuppressed","PrivacySuppressed","PrivacySuppressed","PrivacySuppressed","PrivacySuppressed","PrivacySuppressed","PrivacySuppressed","PrivacySuppressed","PrivacySuppressed","PrivacySuppressed","PrivacySuppressed","PrivacySuppressed","PrivacySuppressed","PrivacySuppressed","PrivacySuppressed","PrivacySuppressed","PrivacySuppressed","PrivacySuppressed","PrivacySuppressed","PrivacySuppressed","PrivacySuppressed","PrivacySuppressed","PrivacySuppressed","PrivacySuppressed","PrivacySuppressed","PrivacySuppressed","PrivacySuppressed","PrivacySuppressed","PrivacySuppressed","PrivacySuppressed","PrivacySuppressed","PrivacySuppressed","PrivacySuppressed","PrivacySuppressed","PrivacySuppressed","PrivacySuppressed","PrivacySuppressed","PrivacySuppressed","PrivacySuppressed","PrivacySuppressed","PrivacySuppressed","PrivacySuppressed","PrivacySuppressed","PrivacySuppressed","PrivacySuppressed","PrivacySuppressed","PrivacySuppressed","PrivacySuppressed","PrivacySuppressed","PrivacySuppressed","PrivacySuppressed","PrivacySuppressed","PrivacySuppressed","PrivacySuppressed"
"443492","040385","Pierpont Community and Technical College","Public","1","5109","Allied Health Diagnostic, Intervention, and Treatment Professions.","2","Associate's Degree","13","2","PrivacySuppressed","PrivacySuppressed","PrivacySuppressed","PrivacySuppressed","PrivacySuppressed","PrivacySuppressed","PrivacySuppressed","PrivacySuppressed","PrivacySuppressed","PrivacySuppressed","PrivacySuppressed","PrivacySuppressed","PrivacySuppressed","PrivacySuppressed","PrivacySuppressed","PrivacySuppressed","PrivacySuppressed","PrivacySuppressed","PrivacySuppressed","PrivacySuppressed","PrivacySuppressed","PrivacySuppressed","PrivacySuppressed","PrivacySuppressed","PrivacySuppressed","PrivacySuppressed","PrivacySuppressed","PrivacySuppressed","PrivacySuppressed","PrivacySuppressed","PrivacySuppressed","PrivacySuppressed","PrivacySuppressed","PrivacySuppressed","PrivacySuppressed","PrivacySuppressed","PrivacySuppressed","PrivacySuppressed","PrivacySuppressed","PrivacySuppressed","PrivacySuppressed","PrivacySuppressed","PrivacySuppressed","PrivacySuppressed","PrivacySuppressed","PrivacySuppressed","PrivacySuppressed","PrivacySuppressed","PrivacySuppressed","PrivacySuppressed","PrivacySuppressed","PrivacySuppressed","PrivacySuppressed","PrivacySuppressed","PrivacySuppressed","PrivacySuppressed","PrivacySuppressed","PrivacySuppressed","PrivacySuppressed","PrivacySuppressed","PrivacySuppressed","PrivacySuppressed","PrivacySuppressed","PrivacySuppressed","PrivacySuppressed","PrivacySuppressed","PrivacySuppressed","PrivacySuppressed","PrivacySuppressed","PrivacySuppressed","PrivacySuppressed","PrivacySuppressed"
"443492","040385","Pierpont Community and Technical College","Public","1","5110","Clinical/Medical Laboratory Science/Research and Allied Professions.","1","Undergraduate Certificate or Diploma","22","11","17","13301","PrivacySuppressed","15","12629","PrivacySuppressed","PrivacySuppressed","PrivacySuppressed","PrivacySuppressed","PrivacySuppressed","PrivacySuppressed","PrivacySuppressed","PrivacySuppressed","PrivacySuppressed","PrivacySuppressed","PrivacySuppressed","PrivacySuppressed","PrivacySuppressed","PrivacySuppressed","PrivacySuppressed","PrivacySuppressed","PrivacySuppressed","PrivacySuppressed","PrivacySuppressed","PrivacySuppressed","PrivacySuppressed","PrivacySuppressed","PrivacySuppressed","PrivacySuppressed","PrivacySuppressed","PrivacySuppressed","PrivacySuppressed","PrivacySuppressed","PrivacySuppressed","PrivacySuppressed","PrivacySuppressed","PrivacySuppressed","PrivacySuppressed","PrivacySuppressed","PrivacySuppressed","PrivacySuppressed","PrivacySuppressed","PrivacySuppressed","PrivacySuppressed","PrivacySuppressed","PrivacySuppressed","PrivacySuppressed","PrivacySuppressed","PrivacySuppressed","PrivacySuppressed","PrivacySuppressed","PrivacySuppressed","PrivacySuppressed","PrivacySuppressed","PrivacySuppressed","PrivacySuppressed","PrivacySuppressed","PrivacySuppressed","PrivacySuppressed","PrivacySuppressed","PrivacySuppressed","PrivacySuppressed","PrivacySuppressed","PrivacySuppressed","PrivacySuppressed","PrivacySuppressed","PrivacySuppressed","PrivacySuppressed","PrivacySuppressed","PrivacySuppressed","PrivacySuppressed","PrivacySuppressed"
"443492","040385","Pierpont Community and Technical College","Public","1","5110","Clinical/Medical Laboratory Science/Research and Allied Professions.","2","Associate's Degree","12","9","16","23077","PrivacySuppressed","15","18517","PrivacySuppressed","PrivacySuppressed","PrivacySuppressed","PrivacySuppressed","PrivacySuppressed","PrivacySuppressed","PrivacySuppressed","PrivacySuppressed","PrivacySuppressed","PrivacySuppressed","PrivacySuppressed","PrivacySuppressed","PrivacySuppressed","PrivacySuppressed","PrivacySuppressed","PrivacySuppressed","PrivacySuppressed","PrivacySuppressed","PrivacySuppressed","PrivacySuppressed","PrivacySuppressed","PrivacySuppressed","PrivacySuppressed","PrivacySuppressed","PrivacySuppressed","PrivacySuppressed","PrivacySuppressed","PrivacySuppressed","PrivacySuppressed","PrivacySuppressed","PrivacySuppressed","PrivacySuppressed","PrivacySuppressed","PrivacySuppressed","PrivacySuppressed","PrivacySuppressed","PrivacySuppressed","PrivacySuppressed","PrivacySuppressed","PrivacySuppressed","PrivacySuppressed","PrivacySuppressed","PrivacySuppressed","PrivacySuppressed","PrivacySuppressed","PrivacySuppressed","PrivacySuppressed","PrivacySuppressed","PrivacySuppressed","PrivacySuppressed","PrivacySuppressed","PrivacySuppressed","PrivacySuppressed","PrivacySuppressed","PrivacySuppressed","PrivacySuppressed","PrivacySuppressed","PrivacySuppressed","PrivacySuppressed","0","14","16","33993","0","13","15","33993"
"443492","040385","Pierpont Community and Technical College","Public","1","5139","Practical Nursing, Vocational Nursing and Nursing Assistants.","1","Undergraduate Certificate or Diploma","6","26","PrivacySuppressed","26114","21077","PrivacySuppressed","17772","16490","PrivacySuppressed","PrivacySuppressed","PrivacySuppressed","PrivacySuppressed","PrivacySuppressed","PrivacySuppressed","PrivacySuppressed","PrivacySuppressed","PrivacySuppressed","PrivacySuppressed","PrivacySuppressed","PrivacySuppressed","PrivacySuppressed","PrivacySuppressed","PrivacySuppressed","PrivacySuppressed","PrivacySuppressed","PrivacySuppressed","PrivacySuppressed","PrivacySuppressed","PrivacySuppressed","PrivacySuppressed","PrivacySuppressed","PrivacySuppressed","PrivacySuppressed","PrivacySuppressed","PrivacySuppressed","PrivacySuppressed","PrivacySuppressed","PrivacySuppressed","PrivacySuppressed","PrivacySuppressed","PrivacySuppressed","PrivacySuppressed","PrivacySuppressed","PrivacySuppressed","PrivacySuppressed","PrivacySuppressed","PrivacySuppressed","PrivacySuppressed","PrivacySuppressed","PrivacySuppressed","PrivacySuppressed","PrivacySuppressed","PrivacySuppressed","PrivacySuppressed","PrivacySuppressed","PrivacySuppressed","PrivacySuppressed","PrivacySuppressed","PrivacySuppressed","PrivacySuppressed","PrivacySuppressed","PrivacySuppressed","PrivacySuppressed","PrivacySuppressed","201","157","1","10","11","37748","0","14","15","29141"
"443492","040385","Pierpont Community and Technical College","Public","1","5201","Business/Commerce, General.","2","Associate's Degree","16","18","23","16615","13672","19","15741","15119","PrivacySuppressed","PrivacySuppressed","PrivacySuppressed","PrivacySuppressed","PrivacySuppressed","PrivacySuppressed","PrivacySuppressed","PrivacySuppressed","PrivacySuppressed","PrivacySuppressed","PrivacySuppressed","PrivacySuppressed","PrivacySuppressed","PrivacySuppressed","PrivacySuppressed","PrivacySuppressed","PrivacySuppressed","PrivacySuppressed","PrivacySuppressed","PrivacySuppressed","PrivacySuppressed","PrivacySuppressed","PrivacySuppressed","PrivacySuppressed","PrivacySuppressed","PrivacySuppressed","PrivacySuppressed","PrivacySuppressed","PrivacySuppressed","PrivacySuppressed","PrivacySuppressed","PrivacySuppressed","PrivacySuppressed","PrivacySuppressed","PrivacySuppressed","PrivacySuppressed","PrivacySuppressed","PrivacySuppressed","PrivacySuppressed","PrivacySuppressed","PrivacySuppressed","PrivacySuppressed","PrivacySuppressed","PrivacySuppressed","PrivacySuppressed","PrivacySuppressed","PrivacySuppressed","PrivacySuppressed","PrivacySuppressed","PrivacySuppressed","PrivacySuppressed","PrivacySuppressed","PrivacySuppressed","PrivacySuppressed","PrivacySuppressed","PrivacySuppressed","130","144","0","14","21","29685","1","12","16","25967"
"443492","040385","Pierpont Community and Technical College","Public","1","5204","Business Operations Support and Assistant Services.","2","Associate's Degree","0","0","PrivacySuppressed","PrivacySuppressed","PrivacySuppressed","PrivacySuppressed","PrivacySuppressed","PrivacySuppressed","PrivacySuppressed","PrivacySuppressed","PrivacySuppressed","PrivacySuppressed","PrivacySuppressed","PrivacySuppressed","PrivacySuppressed","PrivacySuppressed","PrivacySuppressed","PrivacySuppressed","PrivacySuppressed","PrivacySuppressed","PrivacySuppressed","PrivacySuppressed","PrivacySuppressed","PrivacySuppressed","PrivacySuppressed","PrivacySuppressed","PrivacySuppressed","PrivacySuppressed","PrivacySuppressed","PrivacySuppressed","PrivacySuppressed","PrivacySuppressed","PrivacySuppressed","PrivacySuppressed","PrivacySuppressed","PrivacySuppressed","PrivacySuppressed","PrivacySuppressed","PrivacySuppressed","PrivacySuppressed","PrivacySuppressed","PrivacySuppressed","PrivacySuppressed","PrivacySuppressed","PrivacySuppressed","PrivacySuppressed","PrivacySuppressed","PrivacySuppressed","PrivacySuppressed","PrivacySuppressed","PrivacySuppressed","PrivacySuppressed","PrivacySuppressed","PrivacySuppressed","PrivacySuppressed","PrivacySuppressed","PrivacySuppressed","PrivacySuppressed","PrivacySuppressed","PrivacySuppressed","PrivacySuppressed","PrivacySuppressed","PrivacySuppressed","PrivacySuppressed","PrivacySuppressed","PrivacySuppressed","PrivacySuppressed","PrivacySuppressed","PrivacySuppressed","PrivacySuppressed","PrivacySuppressed","PrivacySuppressed","PrivacySuppressed","PrivacySuppressed"
"443492","040385","Pierpont Community and Technical College","Public","1","5299","Business, Management, Marketing, and Related Support Services, Other.","2","Associate's Degree","NULL","NULL","PrivacySuppressed","PrivacySuppressed","PrivacySuppressed","PrivacySuppressed","PrivacySuppressed","PrivacySuppressed","PrivacySuppressed","PrivacySuppressed","PrivacySuppressed","PrivacySuppressed","PrivacySuppressed","PrivacySuppressed","PrivacySuppressed","PrivacySuppressed","PrivacySuppressed","PrivacySuppressed","PrivacySuppressed","PrivacySuppressed","PrivacySuppressed","PrivacySuppressed","PrivacySuppressed","PrivacySuppressed","PrivacySuppressed","PrivacySuppressed","PrivacySuppressed","PrivacySuppressed","PrivacySuppressed","PrivacySuppressed","PrivacySuppressed","PrivacySuppressed","PrivacySuppressed","PrivacySuppressed","PrivacySuppressed","PrivacySuppressed","PrivacySuppressed","PrivacySuppressed","PrivacySuppressed","PrivacySuppressed","PrivacySuppressed","PrivacySuppressed","PrivacySuppressed","PrivacySuppressed","PrivacySuppressed","PrivacySuppressed","PrivacySuppressed","PrivacySuppressed","PrivacySuppressed","PrivacySuppressed","PrivacySuppressed","PrivacySuppressed","PrivacySuppressed","PrivacySuppressed","PrivacySuppressed","PrivacySuppressed","PrivacySuppressed","PrivacySuppressed","PrivacySuppressed","PrivacySuppressed","PrivacySuppressed","PrivacySuppressed","PrivacySuppressed","PrivacySuppressed","PrivacySuppressed","PrivacySuppressed","PrivacySuppressed","PrivacySuppressed","PrivacySuppressed","PrivacySuppressed","PrivacySuppressed","PrivacySuppressed","PrivacySuppressed","PrivacySuppressed"
"443544","020988","University of Phoenix-Indiana","Private, for-profit","0","1102","Computer Programming.","3","Bachelors Degree","0","NULL","312","42728","47500","290","40162","41000","33","13974","10254","13","19548","PrivacySuppressed","256","41702","47000","234","39628","39743","PrivacySuppressed","PrivacySuppressed","PrivacySuppressed","PrivacySuppressed","PrivacySuppressed","PrivacySuppressed","56","PrivacySuppressed","48025","56","PrivacySuppressed","44015","PrivacySuppressed","PrivacySuppressed","PrivacySuppressed","PrivacySuppressed","PrivacySuppressed","PrivacySuppressed","277","43695","47938","260","40788","41439","PrivacySuppressed","PrivacySuppressed","PrivacySuppressed","PrivacySuppressed","PrivacySuppressed","PrivacySuppressed","35","35071","35500","30","34736","35954","PrivacySuppressed","PrivacySuppressed","PrivacySuppressed","PrivacySuppressed","PrivacySuppressed","PrivacySuppressed","110","PrivacySuppressed","453","391","20","490","535","53870","45","599","650","54967"
"443544","020988","University of Phoenix-Indiana","Private, for-profit","0","1105","Computer Systems Analysis.","3","Bachelors Degree","2","NULL","84","38953","46000","78","36807","40625","11","9398","PrivacySuppressed","PrivacySuppressed","PrivacySuppressed","PrivacySuppressed","55","36451","42430","50","34074","36282","PrivacySuppressed","PrivacySuppressed","PrivacySuppressed","PrivacySuppressed","PrivacySuppressed","PrivacySuppressed","29","43699","48724","28","41688","46632","PrivacySuppressed","PrivacySuppressed","PrivacySuppressed","PrivacySuppressed","PrivacySuppressed","PrivacySuppressed","66","41914","PrivacySuppressed","63","38275","PrivacySuppressed","PrivacySuppressed","PrivacySuppressed","PrivacySuppressed","PrivacySuppressed","PrivacySuppressed","PrivacySuppressed","18","28096","PrivacySuppressed","15","30643","PrivacySuppressed","PrivacySuppressed","PrivacySuppressed","PrivacySuppressed","PrivacySuppressed","PrivacySuppressed","PrivacySuppressed","PrivacySuppressed","PrivacySuppressed","439","388","11","118","133","59011","7","164","180","57544"
"443544","020988","University of Phoenix-Indiana","Private, for-profit","0","1108","Computer Software and Media Applications.","3","Bachelors Degree","0","NULL","149","42222","46440","138","39093","39138","13","19307","PrivacySuppressed","PrivacySuppressed","PrivacySuppressed","PrivacySuppressed","PrivacySuppressed","41252","45000","93","39076","37673","PrivacySuppressed","PrivacySuppressed","PrivacySuppressed","PrivacySuppressed","PrivacySuppressed","PrivacySuppressed","PrivacySuppressed","44326","49107","45","39130","42694","PrivacySuppressed","PrivacySuppressed","PrivacySuppressed","PrivacySuppressed","PrivacySuppressed","PrivacySuppressed","115","42650","46440","108","38625","37673","PrivacySuppressed","PrivacySuppressed","PrivacySuppressed","PrivacySuppressed","PrivacySuppressed","PrivacySuppressed","34","40772","47900","30","40778","40250","PrivacySuppressed","PrivacySuppressed","PrivacySuppressed","PrivacySuppressed","PrivacySuppressed","PrivacySuppressed","PrivacySuppressed","PrivacySuppressed","443","373","27","210","229","53001","37","251","286","49493"
"443544","020988","University of Phoenix-Indiana","Private, for-profit","0","1110","Computer/Information Technology Administration and Management.","3","Bachelors Degree","0","NULL","411","40436","46013","377","38454","39875","40","11651","7352","11","16964","PrivacySuppressed","314","38747","44438","284","37208","38624","27","14538","PrivacySuppressed","PrivacySuppressed","PrivacySuppressed","PrivacySuppressed","97","45905","51513","93","42260","44354","13","5654","PrivacySuppressed","PrivacySuppressed","PrivacySuppressed","PrivacySuppressed","346","42035","47813","324","39249","41013","27","11238","PrivacySuppressed","PrivacySuppressed","PrivacySuppressed","PrivacySuppressed","65","31924","36118","53","33596","35350","13","12507","PrivacySuppressed","PrivacySuppressed","PrivacySuppressed","PrivacySuppressed","79","PrivacySuppressed","439","380","57","639","701","50328","85","894","993","49842"
"443544","020988","University of Phoenix-Indiana","Private, for-profit","0","1312","Teacher Education and Professional Development, Specific Levels and Methods.","3","Bachelors Degree","2","NULL","553","43864","46354","546","38925","39443","40","13840","11917","16","19897","PrivacySuppressed","PrivacySuppressed","42465","46000","PrivacySuppressed","38503","39667","PrivacySuppressed","PrivacySuppressed","PrivacySuppressed","PrivacySuppressed","PrivacySuppressed","PrivacySuppressed","PrivacySuppressed","43958","46386","PrivacySuppressed","38953","39443","PrivacySuppressed","PrivacySuppressed","PrivacySuppressed","PrivacySuppressed","PrivacySuppressed","PrivacySuppressed","509","44142","46529","502","39134","39617","PrivacySuppressed","PrivacySuppressed","PrivacySuppressed","PrivacySuppressed","PrivacySuppressed","PrivacySuppressed","44","PrivacySuppressed","44578","44","PrivacySuppressed","37418","PrivacySuppressed","PrivacySuppressed","PrivacySuppressed","PrivacySuppressed","PrivacySuppressed","PrivacySuppressed","128","PrivacySuppressed","442","376","21","450","503","35095","26","560","640","34651"
"443544","020988","University of Phoenix-Indiana","Private, for-profit","0","3017","Behavioral Sciences.","3","Bachelors Degree","3","NULL","3741","44094","48063","3649","38969","40188","266","13699","9500","99","17828","14471","621","39359","44000","577","36345","37062","47","17636","12181","18","25680","PrivacySuppressed","3120","45037","48719","3072","39461","40736","219","12855","8700","81","16083","PrivacySuppressed","3509","44599","48500","3431","39237","40488","242","12844","9000","84","16660","PrivacySuppressed","232","36460","37704","218","34737","33494","24","22322","21967","15","24371","PrivacySuppressed","102","156","459","383","352","1758","2330","31877","423","1898","2519","31015"
"443544","020988","University of Phoenix-Indiana","Private, for-profit","0","4301","Criminal Justice and Corrections.","3","Bachelors Degree","6","NULL","2432","41660","47055","2302","39285","41359","167","16522","13000","87","19849","17300","1025","35326","38496","927","34982","35500","82","15310","11200","35","18508","17216","1407","46274","51250","1375","42185","44500","85","17691","15470","52","20751","17964","2229","42693","48376","2124","39962","42205","143","15549","12000","74","18203","PrivacySuppressed","203","30313","31015","178","31200","32375","24","22322","19588","13","29215","PrivacySuppressed","140","186","449","395","241","2321","2730","38824","300","2684","3192","36887"
"443544","020988","University of Phoenix-Indiana","Private, for-profit","0","5107","Health and Medical Administrative Services.","3","Bachelors Degree","6","NULL","3684","46290","50250","3595","41014","42000","255","10688","7295","62","15077","12500","365","41055","44500","342","36328","35500","27","16498","11540","PrivacySuppressed","PrivacySuppressed","PrivacySuppressed","3319","46865","50700","3253","41507","42701","228","10000","7009","PrivacySuppressed","PrivacySuppressed","PrivacySuppressed","3388","46813","50817","3311","41267","42627","227","10093","6445","50","14063","PrivacySuppressed","296","40300","41500","284","38063","36563","28","15511","11540","12","19302","PrivacySuppressed","78","134","479","401","294","2723","3242","36452","408","3072","3764","35214"
"443544","020988","University of Phoenix-Indiana","Private, for-profit","0","5202","Business Administration, Management and Operations.","3","Bachelors Degree","11","NULL","10504","40351","43750","9890","37068","37256","795","12616","9000","200","15974","14204","4282","36564","39803","3879","34852","35274","347","14025","10000","76","16796","15000","6222","42958","46191","6011","38497","38625","448","11525","8113","124","15470","13765","8747","41503","45169","8286","37644","37999","635","11763","8433","157","14245","12194","1757","34619","35938","1604","34089","34167","160","16002","11255","43","22285","17861","97","153","417","355","625","7973","8997","49144","721","8315","9437","48220"
"443544","020988","University of Phoenix-Indiana","Private, for-profit","0","5202","Business Administration, Management and Operations.","5","Master's Degree","0","NULL","PrivacySuppressed","PrivacySuppressed","PrivacySuppressed","3464","32710","33799","PrivacySuppressed","PrivacySuppressed","PrivacySuppressed","PrivacySuppressed","PrivacySuppressed","PrivacySuppressed","PrivacySuppressed","PrivacySuppressed","PrivacySuppressed","1282","31041","32314","PrivacySuppressed","PrivacySuppressed","PrivacySuppressed","PrivacySuppressed","PrivacySuppressed","PrivacySuppressed","PrivacySuppressed","PrivacySuppressed","PrivacySuppressed","2182","33691","34474","PrivacySuppressed","PrivacySuppressed","PrivacySuppressed","PrivacySuppressed","PrivacySuppressed","PrivacySuppressed","PrivacySuppressed","PrivacySuppressed","PrivacySuppressed","2601","33393","34474","PrivacySuppressed","PrivacySuppressed","PrivacySuppressed","PrivacySuppressed","PrivacySuppressed","PrivacySuppressed","PrivacySuppressed","PrivacySuppressed","PrivacySuppressed","863","30651","30750","PrivacySuppressed","PrivacySuppressed","PrivacySuppressed","PrivacySuppressed","PrivacySuppressed","PrivacySuppressed","PrivacySuppressed","PrivacySuppressed","PrivacySuppressed","347","289","4477","4921","56952","377","5353","5864","56498"
"443544","020988","University of Phoenix-Indiana","Private, for-profit","0","5203","Accounting and Related Services.","3","Bachelors Degree","0","NULL","1547","45307","48196","1509","41361","41750","105","12010","8262","22","17471","17180","360","42326","45497","343","39686","40706","35","13453","10400","PrivacySuppressed","PrivacySuppressed","PrivacySuppressed","1187","46211","48813","1166","41854","42279","70","11289","8000","PrivacySuppressed","PrivacySuppressed","PrivacySuppressed","1364","45670","48688","1332","41455","41958","94","11827","PrivacySuppressed","PrivacySuppressed","PrivacySuppressed","PrivacySuppressed","183","42599","45264","177","40657","41371","11","13579","PrivacySuppressed","PrivacySuppressed","PrivacySuppressed","PrivacySuppressed","89","185","460","398","131","1456","1640","44139","137","1752","1978","43575"
"443544","020988","University of Phoenix-Indiana","Private, for-profit","0","5210","Human Resources Management and Services.","3","Bachelors Degree","1","NULL","752","44504","49006","725","41569","43803","43","12520","8000","13","14229","PrivacySuppressed","115","37070","40879","104","36628","38624","PrivacySuppressed","PrivacySuppressed","PrivacySuppressed","PrivacySuppressed","PrivacySuppressed","PrivacySuppressed","637","45846","50250","621","42396","44757","PrivacySuppressed","PrivacySuppressed","PrivacySuppressed","PrivacySuppressed","PrivacySuppressed","PrivacySuppressed","673","45441","49700","651","42155","44689","PrivacySuppressed","PrivacySuppressed","PrivacySuppressed","PrivacySuppressed","PrivacySuppressed","PrivacySuppressed","79","36523","40500","74","36411","38408","PrivacySuppressed","PrivacySuppressed","PrivacySuppressed","PrivacySuppressed","PrivacySuppressed","PrivacySuppressed","86","PrivacySuppressed","468","418","60","965","1073","45377","92","1250","1395","44246"
"443544","020988","University of Phoenix-Indiana","Private, for-profit","0","5210","Human Resources Management and Services.","5","Master's Degree","0","NULL","PrivacySuppressed","PrivacySuppressed","PrivacySuppressed","357","41382","41000","PrivacySuppressed","PrivacySuppressed","PrivacySuppressed","PrivacySuppressed","PrivacySuppressed","PrivacySuppressed","PrivacySuppressed","PrivacySuppressed","PrivacySuppressed","56","38288","39765","PrivacySuppressed","PrivacySuppressed","PrivacySuppressed","PrivacySuppressed","PrivacySuppressed","PrivacySuppressed","PrivacySuppressed","PrivacySuppressed","PrivacySuppressed","301","41958","41000","PrivacySuppressed","PrivacySuppressed","PrivacySuppressed","PrivacySuppressed","PrivacySuppressed","PrivacySuppressed","PrivacySuppressed","PrivacySuppressed","PrivacySuppressed","289","41290","41000","PrivacySuppressed","PrivacySuppressed","PrivacySuppressed","PrivacySuppressed","PrivacySuppressed","PrivacySuppressed","PrivacySuppressed","PrivacySuppressed","PrivacySuppressed","68","41775","39500","PrivacySuppressed","PrivacySuppressed","PrivacySuppressed","PrivacySuppressed","PrivacySuppressed","PrivacySuppressed","PrivacySuppressed","PrivacySuppressed","PrivacySuppressed","421","24","413","453","46204","19","428","462","45611"
"443544","020988","University of Phoenix-Indiana","Private, for-profit","0","5214","Marketing.","3","Bachelors Degree","2","NULL","333","41945","45938","319","39555","40833","44","23153","13828","20","26972","23616","138","41134","45844","130","40038","41938","19","20332","10412","PrivacySuppressed","PrivacySuppressed","PrivacySuppressed","195","42518","46141","189","39223","40688","25","25296","14160","PrivacySuppressed","PrivacySuppressed","PrivacySuppressed","278","43003","47312","269","39809","40758","34","19145","PrivacySuppressed","PrivacySuppressed","PrivacySuppressed","PrivacySuppressed","55","36594","41705","50","38187","41705","10","36778","PrivacySuppressed","PrivacySuppressed","PrivacySuppressed","PrivacySuppressed","149","254","438","390","37","455","522","44392","64","626","738","43453"
"443562","031121","Dewey University-Hato Rey","Private, nonprofit","0","1312","Teacher Education and Professional Development, Specific Levels and Methods.","2","Associate's Degree","0","7","PrivacySuppressed","PrivacySuppressed","PrivacySuppressed","PrivacySuppressed","PrivacySuppressed","PrivacySuppressed","PrivacySuppressed","PrivacySuppressed","PrivacySuppressed","PrivacySuppressed","PrivacySuppressed","PrivacySuppressed","PrivacySuppressed","PrivacySuppressed","PrivacySuppressed","PrivacySuppressed","PrivacySuppressed","PrivacySuppressed","PrivacySuppressed","PrivacySuppressed","PrivacySuppressed","PrivacySuppressed","PrivacySuppressed","PrivacySuppressed","PrivacySuppressed","PrivacySuppressed","PrivacySuppressed","PrivacySuppressed","PrivacySuppressed","PrivacySuppressed","PrivacySuppressed","PrivacySuppressed","PrivacySuppressed","PrivacySuppressed","PrivacySuppressed","PrivacySuppressed","PrivacySuppressed","PrivacySuppressed","PrivacySuppressed","PrivacySuppressed","PrivacySuppressed","PrivacySuppressed","PrivacySuppressed","PrivacySuppressed","PrivacySuppressed","PrivacySuppressed","PrivacySuppressed","PrivacySuppressed","PrivacySuppressed","PrivacySuppressed","PrivacySuppressed","PrivacySuppressed","PrivacySuppressed","PrivacySuppressed","PrivacySuppressed","PrivacySuppressed","PrivacySuppressed","PrivacySuppressed","PrivacySuppressed","PrivacySuppressed","PrivacySuppressed","PrivacySuppressed","PrivacySuppressed","PrivacySuppressed","PrivacySuppressed","PrivacySuppressed","PrivacySuppressed","PrivacySuppressed","PrivacySuppressed","PrivacySuppressed","PrivacySuppressed","PrivacySuppressed"
"443562","031121","Dewey University-Hato Rey","Private, nonprofit","0","1312","Teacher Education and Professional Development, Specific Levels and Methods.","3","Bachelors Degree","32","30","11","7780","PrivacySuppressed","PrivacySuppressed","PrivacySuppressed","PrivacySuppressed","PrivacySuppressed","PrivacySuppressed","PrivacySuppressed","PrivacySuppressed","PrivacySuppressed","PrivacySuppressed","PrivacySuppressed","PrivacySuppressed","PrivacySuppressed","PrivacySuppressed","PrivacySuppressed","PrivacySuppressed","PrivacySuppressed","PrivacySuppressed","PrivacySuppressed","PrivacySuppressed","PrivacySuppressed","PrivacySuppressed","PrivacySuppressed","PrivacySuppressed","PrivacySuppressed","PrivacySuppressed","PrivacySuppressed","PrivacySuppressed","PrivacySuppressed","PrivacySuppressed","PrivacySuppressed","PrivacySuppressed","PrivacySuppressed","PrivacySuppressed","PrivacySuppressed","PrivacySuppressed","PrivacySuppressed","PrivacySuppressed","PrivacySuppressed","PrivacySuppressed","PrivacySuppressed","PrivacySuppressed","PrivacySuppressed","PrivacySuppressed","PrivacySuppressed","PrivacySuppressed","PrivacySuppressed","PrivacySuppressed","PrivacySuppressed","PrivacySuppressed","PrivacySuppressed","PrivacySuppressed","PrivacySuppressed","PrivacySuppressed","PrivacySuppressed","PrivacySuppressed","PrivacySuppressed","PrivacySuppressed","PrivacySuppressed","PrivacySuppressed","PrivacySuppressed","PrivacySuppressed","6","10","16","19592","PrivacySuppressed","PrivacySuppressed","PrivacySuppressed","PrivacySuppressed"
"443562","031121","Dewey University-Hato Rey","Private, nonprofit","0","1408","Civil Engineering.","2","Associate's Degree","0","0","PrivacySuppressed","PrivacySuppressed","PrivacySuppressed","PrivacySuppressed","PrivacySuppressed","PrivacySuppressed","PrivacySuppressed","PrivacySuppressed","PrivacySuppressed","PrivacySuppressed","PrivacySuppressed","PrivacySuppressed","PrivacySuppressed","PrivacySuppressed","PrivacySuppressed","PrivacySuppressed","PrivacySuppressed","PrivacySuppressed","PrivacySuppressed","PrivacySuppressed","PrivacySuppressed","PrivacySuppressed","PrivacySuppressed","PrivacySuppressed","PrivacySuppressed","PrivacySuppressed","PrivacySuppressed","PrivacySuppressed","PrivacySuppressed","PrivacySuppressed","PrivacySuppressed","PrivacySuppressed","PrivacySuppressed","PrivacySuppressed","PrivacySuppressed","PrivacySuppressed","PrivacySuppressed","PrivacySuppressed","PrivacySuppressed","PrivacySuppressed","PrivacySuppressed","PrivacySuppressed","PrivacySuppressed","PrivacySuppressed","PrivacySuppressed","PrivacySuppressed","PrivacySuppressed","PrivacySuppressed","PrivacySuppressed","PrivacySuppressed","PrivacySuppressed","PrivacySuppressed","PrivacySuppressed","PrivacySuppressed","PrivacySuppressed","PrivacySuppressed","PrivacySuppressed","PrivacySuppressed","PrivacySuppressed","PrivacySuppressed","PrivacySuppressed","PrivacySuppressed","PrivacySuppressed","PrivacySuppressed","PrivacySuppressed","PrivacySuppressed","PrivacySuppressed","PrivacySuppressed","PrivacySuppressed","PrivacySuppressed","PrivacySuppressed","PrivacySuppressed"
"443562","031121","Dewey University-Hato Rey","Private, nonprofit","0","1409","Computer Engineering.","2","Associate's Degree","0","0","PrivacySuppressed","PrivacySuppressed","PrivacySuppressed","PrivacySuppressed","PrivacySuppressed","PrivacySuppressed","PrivacySuppressed","PrivacySuppressed","PrivacySuppressed","PrivacySuppressed","PrivacySuppressed","PrivacySuppressed","PrivacySuppressed","PrivacySuppressed","PrivacySuppressed","PrivacySuppressed","PrivacySuppressed","PrivacySuppressed","PrivacySuppressed","PrivacySuppressed","PrivacySuppressed","PrivacySuppressed","PrivacySuppressed","PrivacySuppressed","PrivacySuppressed","PrivacySuppressed","PrivacySuppressed","PrivacySuppressed","PrivacySuppressed","PrivacySuppressed","PrivacySuppressed","PrivacySuppressed","PrivacySuppressed","PrivacySuppressed","PrivacySuppressed","PrivacySuppressed","PrivacySuppressed","PrivacySuppressed","PrivacySuppressed","PrivacySuppressed","PrivacySuppressed","PrivacySuppressed","PrivacySuppressed","PrivacySuppressed","PrivacySuppressed","PrivacySuppressed","PrivacySuppressed","PrivacySuppressed","PrivacySuppressed","PrivacySuppressed","PrivacySuppressed","PrivacySuppressed","PrivacySuppressed","PrivacySuppressed","PrivacySuppressed","PrivacySuppressed","PrivacySuppressed","PrivacySuppressed","PrivacySuppressed","PrivacySuppressed","PrivacySuppressed","PrivacySuppressed","PrivacySuppressed","PrivacySuppressed","PrivacySuppressed","PrivacySuppressed","PrivacySuppressed","PrivacySuppressed","PrivacySuppressed","PrivacySuppressed","PrivacySuppressed","PrivacySuppressed"
"443562","031121","Dewey University-Hato Rey","Private, nonprofit","0","1410","Electrical, Electronics and Communications Engineering.","2","Associate's Degree","0","0","PrivacySuppressed","PrivacySuppressed","PrivacySuppressed","PrivacySuppressed","PrivacySuppressed","PrivacySuppressed","PrivacySuppressed","PrivacySuppressed","PrivacySuppressed","PrivacySuppressed","PrivacySuppressed","PrivacySuppressed","PrivacySuppressed","PrivacySuppressed","PrivacySuppressed","PrivacySuppressed","PrivacySuppressed","PrivacySuppressed","PrivacySuppressed","PrivacySuppressed","PrivacySuppressed","PrivacySuppressed","PrivacySuppressed","PrivacySuppressed","PrivacySuppressed","PrivacySuppressed","PrivacySuppressed","PrivacySuppressed","PrivacySuppressed","PrivacySuppressed","PrivacySuppressed","PrivacySuppressed","PrivacySuppressed","PrivacySuppressed","PrivacySuppressed","PrivacySuppressed","PrivacySuppressed","PrivacySuppressed","PrivacySuppressed","PrivacySuppressed","PrivacySuppressed","PrivacySuppressed","PrivacySuppressed","PrivacySuppressed","PrivacySuppressed","PrivacySuppressed","PrivacySuppressed","PrivacySuppressed","PrivacySuppressed","PrivacySuppressed","PrivacySuppressed","PrivacySuppressed","PrivacySuppressed","PrivacySuppressed","PrivacySuppressed","PrivacySuppressed","PrivacySuppressed","PrivacySuppressed","PrivacySuppressed","PrivacySuppressed","PrivacySuppressed","PrivacySuppressed","PrivacySuppressed","PrivacySuppressed","PrivacySuppressed","PrivacySuppressed","PrivacySuppressed","PrivacySuppressed","PrivacySuppressed","PrivacySuppressed","PrivacySuppressed","PrivacySuppressed"
"443562","031121","Dewey University-Hato Rey","Private, nonprofit","0","1414","Environmental/Environmental Health Engineering.","2","Associate's Degree","0","0","PrivacySuppressed","PrivacySuppressed","PrivacySuppressed","PrivacySuppressed","PrivacySuppressed","PrivacySuppressed","PrivacySuppressed","PrivacySuppressed","PrivacySuppressed","PrivacySuppressed","PrivacySuppressed","PrivacySuppressed","PrivacySuppressed","PrivacySuppressed","PrivacySuppressed","PrivacySuppressed","PrivacySuppressed","PrivacySuppressed","PrivacySuppressed","PrivacySuppressed","PrivacySuppressed","PrivacySuppressed","PrivacySuppressed","PrivacySuppressed","PrivacySuppressed","PrivacySuppressed","PrivacySuppressed","PrivacySuppressed","PrivacySuppressed","PrivacySuppressed","PrivacySuppressed","PrivacySuppressed","PrivacySuppressed","PrivacySuppressed","PrivacySuppressed","PrivacySuppressed","PrivacySuppressed","PrivacySuppressed","PrivacySuppressed","PrivacySuppressed","PrivacySuppressed","PrivacySuppressed","PrivacySuppressed","PrivacySuppressed","PrivacySuppressed","PrivacySuppressed","PrivacySuppressed","PrivacySuppressed","PrivacySuppressed","PrivacySuppressed","PrivacySuppressed","PrivacySuppressed","PrivacySuppressed","PrivacySuppressed","PrivacySuppressed","PrivacySuppressed","PrivacySuppressed","PrivacySuppressed","PrivacySuppressed","PrivacySuppressed","PrivacySuppressed","PrivacySuppressed","PrivacySuppressed","PrivacySuppressed","PrivacySuppressed","PrivacySuppressed","PrivacySuppressed","PrivacySuppressed","PrivacySuppressed","PrivacySuppressed","PrivacySuppressed","PrivacySuppressed"
"443562","031121","Dewey University-Hato Rey","Private, nonprofit","0","1433","Construction Engineering.","2","Associate's Degree","0","0","PrivacySuppressed","PrivacySuppressed","PrivacySuppressed","PrivacySuppressed","PrivacySuppressed","PrivacySuppressed","PrivacySuppressed","PrivacySuppressed","PrivacySuppressed","PrivacySuppressed","PrivacySuppressed","PrivacySuppressed","PrivacySuppressed","PrivacySuppressed","PrivacySuppressed","PrivacySuppressed","PrivacySuppressed","PrivacySuppressed","PrivacySuppressed","PrivacySuppressed","PrivacySuppressed","PrivacySuppressed","PrivacySuppressed","PrivacySuppressed","PrivacySuppressed","PrivacySuppressed","PrivacySuppressed","PrivacySuppressed","PrivacySuppressed","PrivacySuppressed","PrivacySuppressed","PrivacySuppressed","PrivacySuppressed","PrivacySuppressed","PrivacySuppressed","PrivacySuppressed","PrivacySuppressed","PrivacySuppressed","PrivacySuppressed","PrivacySuppressed","PrivacySuppressed","PrivacySuppressed","PrivacySuppressed","PrivacySuppressed","PrivacySuppressed","PrivacySuppressed","PrivacySuppressed","PrivacySuppressed","PrivacySuppressed","PrivacySuppressed","PrivacySuppressed","PrivacySuppressed","PrivacySuppressed","PrivacySuppressed","PrivacySuppressed","PrivacySuppressed","PrivacySuppressed","PrivacySuppressed","PrivacySuppressed","PrivacySuppressed","PrivacySuppressed","PrivacySuppressed","PrivacySuppressed","PrivacySuppressed","PrivacySuppressed","PrivacySuppressed","PrivacySuppressed","PrivacySuppressed","PrivacySuppressed","PrivacySuppressed","PrivacySuppressed","PrivacySuppressed"
"443562","031121","Dewey University-Hato Rey","Private, nonprofit","0","5006","Film/Video and Photographic Arts.","2","Associate's Degree","1","0","PrivacySuppressed","PrivacySuppressed","PrivacySuppressed","PrivacySuppressed","PrivacySuppressed","PrivacySuppressed","PrivacySuppressed","PrivacySuppressed","PrivacySuppressed","PrivacySuppressed","PrivacySuppressed","PrivacySuppressed","PrivacySuppressed","PrivacySuppressed","PrivacySuppressed","PrivacySuppressed","PrivacySuppressed","PrivacySuppressed","PrivacySuppressed","PrivacySuppressed","PrivacySuppressed","PrivacySuppressed","PrivacySuppressed","PrivacySuppressed","PrivacySuppressed","PrivacySuppressed","PrivacySuppressed","PrivacySuppressed","PrivacySuppressed","PrivacySuppressed","PrivacySuppressed","PrivacySuppressed","PrivacySuppressed","PrivacySuppressed","PrivacySuppressed","PrivacySuppressed","PrivacySuppressed","PrivacySuppressed","PrivacySuppressed","PrivacySuppressed","PrivacySuppressed","PrivacySuppressed","PrivacySuppressed","PrivacySuppressed","PrivacySuppressed","PrivacySuppressed","PrivacySuppressed","PrivacySuppressed","PrivacySuppressed","PrivacySuppressed","PrivacySuppressed","PrivacySuppressed","PrivacySuppressed","PrivacySuppressed","PrivacySuppressed","PrivacySuppressed","PrivacySuppressed","PrivacySuppressed","PrivacySuppressed","PrivacySuppressed","PrivacySuppressed","PrivacySuppressed","PrivacySuppressed","PrivacySuppressed","PrivacySuppressed","PrivacySuppressed","PrivacySuppressed","PrivacySuppressed","PrivacySuppressed","PrivacySuppressed","PrivacySuppressed","PrivacySuppressed"
"443562","031121","Dewey University-Hato Rey","Private, nonprofit","0","5108","Allied Health and Medical Assisting Services.","2","Associate's Degree","21","12","11","3545","PrivacySuppressed","PrivacySuppressed","PrivacySuppressed","PrivacySuppressed","PrivacySuppressed","PrivacySuppressed","PrivacySuppressed","PrivacySuppressed","PrivacySuppressed","PrivacySuppressed","PrivacySuppressed","PrivacySuppressed","PrivacySuppressed","PrivacySuppressed","PrivacySuppressed","PrivacySuppressed","PrivacySuppressed","PrivacySuppressed","PrivacySuppressed","PrivacySuppressed","PrivacySuppressed","PrivacySuppressed","PrivacySuppressed","PrivacySuppressed","PrivacySuppressed","PrivacySuppressed","PrivacySuppressed","PrivacySuppressed","PrivacySuppressed","PrivacySuppressed","PrivacySuppressed","PrivacySuppressed","PrivacySuppressed","PrivacySuppressed","PrivacySuppressed","PrivacySuppressed","PrivacySuppressed","PrivacySuppressed","PrivacySuppressed","PrivacySuppressed","PrivacySuppressed","PrivacySuppressed","PrivacySuppressed","PrivacySuppressed","PrivacySuppressed","PrivacySuppressed","PrivacySuppressed","PrivacySuppressed","PrivacySuppressed","PrivacySuppressed","PrivacySuppressed","PrivacySuppressed","PrivacySuppressed","PrivacySuppressed","PrivacySuppressed","PrivacySuppressed","PrivacySuppressed","PrivacySuppressed","PrivacySuppressed","PrivacySuppressed","PrivacySuppressed","PrivacySuppressed","29","13","31","15552","PrivacySuppressed","PrivacySuppressed","PrivacySuppressed","PrivacySuppressed"
"443562","031121","Dewey University-Hato Rey","Private, nonprofit","0","5138","Registered Nursing, Nursing Administration, Nursing Research and Clinical Nursing.","2","Associate's Degree","76","16","46","5050","3500","24","4634","4230","PrivacySuppressed","PrivacySuppressed","PrivacySuppressed","PrivacySuppressed","PrivacySuppressed","PrivacySuppressed","PrivacySuppressed","PrivacySuppressed","PrivacySuppressed","PrivacySuppressed","PrivacySuppressed","PrivacySuppressed","PrivacySuppressed","PrivacySuppressed","PrivacySuppressed","PrivacySuppressed","PrivacySuppressed","PrivacySuppressed","PrivacySuppressed","PrivacySuppressed","PrivacySuppressed","PrivacySuppressed","PrivacySuppressed","PrivacySuppressed","PrivacySuppressed","PrivacySuppressed","PrivacySuppressed","PrivacySuppressed","PrivacySuppressed","PrivacySuppressed","PrivacySuppressed","PrivacySuppressed","PrivacySuppressed","PrivacySuppressed","PrivacySuppressed","PrivacySuppressed","PrivacySuppressed","PrivacySuppressed","PrivacySuppressed","PrivacySuppressed","PrivacySuppressed","PrivacySuppressed","PrivacySuppressed","PrivacySuppressed","PrivacySuppressed","PrivacySuppressed","PrivacySuppressed","PrivacySuppressed","PrivacySuppressed","PrivacySuppressed","PrivacySuppressed","PrivacySuppressed","PrivacySuppressed","PrivacySuppressed","PrivacySuppressed","PrivacySuppressed","33","40","33","18","51","13933","PrivacySuppressed","PrivacySuppressed","PrivacySuppressed","PrivacySuppressed"
"443562","031121","Dewey University-Hato Rey","Private, nonprofit","0","5138","Registered Nursing, Nursing Administration, Nursing Research and Clinical Nursing.","3","Bachelors Degree","109","70","72","7015","6403","53","6288","5981","PrivacySuppressed","PrivacySuppressed","PrivacySuppressed","PrivacySuppressed","PrivacySuppressed","PrivacySuppressed","16","7645","PrivacySuppressed","11","7254","PrivacySuppressed","PrivacySuppressed","PrivacySuppressed","PrivacySuppressed","PrivacySuppressed","PrivacySuppressed","PrivacySuppressed","56","6835","PrivacySuppressed","42","6035","PrivacySuppressed","PrivacySuppressed","PrivacySuppressed","PrivacySuppressed","PrivacySuppressed","PrivacySuppressed","PrivacySuppressed","PrivacySuppressed","PrivacySuppressed","PrivacySuppressed","PrivacySuppressed","PrivacySuppressed","PrivacySuppressed","PrivacySuppressed","PrivacySuppressed","PrivacySuppressed","PrivacySuppressed","PrivacySuppressed","PrivacySuppressed","PrivacySuppressed","PrivacySuppressed","PrivacySuppressed","PrivacySuppressed","PrivacySuppressed","PrivacySuppressed","PrivacySuppressed","PrivacySuppressed","PrivacySuppressed","PrivacySuppressed","PrivacySuppressed","PrivacySuppressed","PrivacySuppressed","PrivacySuppressed","61","57","48","73","119","23340","18","21","36","20140"
"443562","031121","Dewey University-Hato Rey","Private, nonprofit","0","5138","Registered Nursing, Nursing Administration, Nursing Research and Clinical Nursing.","5","Master's Degree","53","48","PrivacySuppressed","PrivacySuppressed","PrivacySuppressed","75","19138","18820","PrivacySuppressed","PrivacySuppressed","PrivacySuppressed","PrivacySuppressed","PrivacySuppressed","PrivacySuppressed","PrivacySuppressed","PrivacySuppressed","PrivacySuppressed","23","20933","20953","PrivacySuppressed","PrivacySuppressed","PrivacySuppressed","PrivacySuppressed","PrivacySuppressed","PrivacySuppressed","PrivacySuppressed","PrivacySuppressed","PrivacySuppressed","52","18344","17887","PrivacySuppressed","PrivacySuppressed","PrivacySuppressed","PrivacySuppressed","PrivacySuppressed","PrivacySuppressed","PrivacySuppressed","PrivacySuppressed","PrivacySuppressed","PrivacySuppressed","PrivacySuppressed","PrivacySuppressed","PrivacySuppressed","PrivacySuppressed","PrivacySuppressed","PrivacySuppressed","PrivacySuppressed","PrivacySuppressed","PrivacySuppressed","PrivacySuppressed","PrivacySuppressed","PrivacySuppressed","PrivacySuppressed","PrivacySuppressed","PrivacySuppressed","PrivacySuppressed","PrivacySuppressed","PrivacySuppressed","PrivacySuppressed","PrivacySuppressed","PrivacySuppressed","PrivacySuppressed","PrivacySuppressed","193","4","46","52","47260","3","21","23","53358"
"443562","031121","Dewey University-Hato Rey","Private, nonprofit","0","5203","Accounting and Related Services.","2","Associate's Degree","0","1","PrivacySuppressed","PrivacySuppressed","PrivacySuppressed","PrivacySuppressed","PrivacySuppressed","PrivacySuppressed","PrivacySuppressed","PrivacySuppressed","PrivacySuppressed","PrivacySuppressed","PrivacySuppressed","PrivacySuppressed","PrivacySuppressed","PrivacySuppressed","PrivacySuppressed","PrivacySuppressed","PrivacySuppressed","PrivacySuppressed","PrivacySuppressed","PrivacySuppressed","PrivacySuppressed","PrivacySuppressed","PrivacySuppressed","PrivacySuppressed","PrivacySuppressed","PrivacySuppressed","PrivacySuppressed","PrivacySuppressed","PrivacySuppressed","PrivacySuppressed","PrivacySuppressed","PrivacySuppressed","PrivacySuppressed","PrivacySuppressed","PrivacySuppressed","PrivacySuppressed","PrivacySuppressed","PrivacySuppressed","PrivacySuppressed","PrivacySuppressed","PrivacySuppressed","PrivacySuppressed","PrivacySuppressed","PrivacySuppressed","PrivacySuppressed","PrivacySuppressed","PrivacySuppressed","PrivacySuppressed","PrivacySuppressed","PrivacySuppressed","PrivacySuppressed","PrivacySuppressed","PrivacySuppressed","PrivacySuppressed","PrivacySuppressed","PrivacySuppressed","PrivacySuppressed","PrivacySuppressed","PrivacySuppressed","PrivacySuppressed","PrivacySuppressed","PrivacySuppressed","PrivacySuppressed","PrivacySuppressed","PrivacySuppressed","PrivacySuppressed","PrivacySuppressed","PrivacySuppressed","PrivacySuppressed","PrivacySuppressed","PrivacySuppressed","PrivacySuppressed"
"443562","031121","Dewey University-Hato Rey","Private, nonprofit","0","5203","Accounting and Related Services.","3","Bachelors Degree","0","4","PrivacySuppressed","PrivacySuppressed","PrivacySuppressed","PrivacySuppressed","PrivacySuppressed","PrivacySuppressed","PrivacySuppressed","PrivacySuppressed","PrivacySuppressed","PrivacySuppressed","PrivacySuppressed","PrivacySuppressed","PrivacySuppressed","PrivacySuppressed","PrivacySuppressed","PrivacySuppressed","PrivacySuppressed","PrivacySuppressed","PrivacySuppressed","PrivacySuppressed","PrivacySuppressed","PrivacySuppressed","PrivacySuppressed","PrivacySuppressed","PrivacySuppressed","PrivacySuppressed","PrivacySuppressed","PrivacySuppressed","PrivacySuppressed","PrivacySuppressed","PrivacySuppressed","PrivacySuppressed","PrivacySuppressed","PrivacySuppressed","PrivacySuppressed","PrivacySuppressed","PrivacySuppressed","PrivacySuppressed","PrivacySuppressed","PrivacySuppressed","PrivacySuppressed","PrivacySuppressed","PrivacySuppressed","PrivacySuppressed","PrivacySuppressed","PrivacySuppressed","PrivacySuppressed","PrivacySuppressed","PrivacySuppressed","PrivacySuppressed","PrivacySuppressed","PrivacySuppressed","PrivacySuppressed","PrivacySuppressed","PrivacySuppressed","PrivacySuppressed","PrivacySuppressed","PrivacySuppressed","PrivacySuppressed","PrivacySuppressed","PrivacySuppressed","PrivacySuppressed","PrivacySuppressed","PrivacySuppressed","PrivacySuppressed","PrivacySuppressed","PrivacySuppressed","PrivacySuppressed","PrivacySuppressed","PrivacySuppressed","PrivacySuppressed","PrivacySuppressed"
"443562","031121","Dewey University-Hato Rey","Private, nonprofit","0","5204","Business Operations Support and Assistant Services.","2","Associate's Degree","3","0","PrivacySuppressed","PrivacySuppressed","PrivacySuppressed","PrivacySuppressed","PrivacySuppressed","PrivacySuppressed","PrivacySuppressed","PrivacySuppressed","PrivacySuppressed","PrivacySuppressed","PrivacySuppressed","PrivacySuppressed","PrivacySuppressed","PrivacySuppressed","PrivacySuppressed","PrivacySuppressed","PrivacySuppressed","PrivacySuppressed","PrivacySuppressed","PrivacySuppressed","PrivacySuppressed","PrivacySuppressed","PrivacySuppressed","PrivacySuppressed","PrivacySuppressed","PrivacySuppressed","PrivacySuppressed","PrivacySuppressed","PrivacySuppressed","PrivacySuppressed","PrivacySuppressed","PrivacySuppressed","PrivacySuppressed","PrivacySuppressed","PrivacySuppressed","PrivacySuppressed","PrivacySuppressed","PrivacySuppressed","PrivacySuppressed","PrivacySuppressed","PrivacySuppressed","PrivacySuppressed","PrivacySuppressed","PrivacySuppressed","PrivacySuppressed","PrivacySuppressed","PrivacySuppressed","PrivacySuppressed","PrivacySuppressed","PrivacySuppressed","PrivacySuppressed","PrivacySuppressed","PrivacySuppressed","PrivacySuppressed","PrivacySuppressed","PrivacySuppressed","PrivacySuppressed","PrivacySuppressed","PrivacySuppressed","PrivacySuppressed","PrivacySuppressed","PrivacySuppressed","PrivacySuppressed","PrivacySuppressed","PrivacySuppressed","PrivacySuppressed","PrivacySuppressed","PrivacySuppressed","PrivacySuppressed","PrivacySuppressed","PrivacySuppressed","PrivacySuppressed"
"443562","031121","Dewey University-Hato Rey","Private, nonprofit","0","5204","Business Operations Support and Assistant Services.","3","Bachelors Degree","1","2","PrivacySuppressed","PrivacySuppressed","PrivacySuppressed","PrivacySuppressed","PrivacySuppressed","PrivacySuppressed","PrivacySuppressed","PrivacySuppressed","PrivacySuppressed","PrivacySuppressed","PrivacySuppressed","PrivacySuppressed","PrivacySuppressed","PrivacySuppressed","PrivacySuppressed","PrivacySuppressed","PrivacySuppressed","PrivacySuppressed","PrivacySuppressed","PrivacySuppressed","PrivacySuppressed","PrivacySuppressed","PrivacySuppressed","PrivacySuppressed","PrivacySuppressed","PrivacySuppressed","PrivacySuppressed","PrivacySuppressed","PrivacySuppressed","PrivacySuppressed","PrivacySuppressed","PrivacySuppressed","PrivacySuppressed","PrivacySuppressed","PrivacySuppressed","PrivacySuppressed","PrivacySuppressed","PrivacySuppressed","PrivacySuppressed","PrivacySuppressed","PrivacySuppressed","PrivacySuppressed","PrivacySuppressed","PrivacySuppressed","PrivacySuppressed","PrivacySuppressed","PrivacySuppressed","PrivacySuppressed","PrivacySuppressed","PrivacySuppressed","PrivacySuppressed","PrivacySuppressed","PrivacySuppressed","PrivacySuppressed","PrivacySuppressed","PrivacySuppressed","PrivacySuppressed","PrivacySuppressed","PrivacySuppressed","PrivacySuppressed","PrivacySuppressed","PrivacySuppressed","PrivacySuppressed","PrivacySuppressed","2","6","11","20140","PrivacySuppressed","PrivacySuppressed","PrivacySuppressed","PrivacySuppressed"
"443562","031121","Dewey University-Hato Rey","Private, nonprofit","0","5212","Management Information Systems and Services.","2","Associate's Degree","0","0","PrivacySuppressed","PrivacySuppressed","PrivacySuppressed","PrivacySuppressed","PrivacySuppressed","PrivacySuppressed","PrivacySuppressed","PrivacySuppressed","PrivacySuppressed","PrivacySuppressed","PrivacySuppressed","PrivacySuppressed","PrivacySuppressed","PrivacySuppressed","PrivacySuppressed","PrivacySuppressed","PrivacySuppressed","PrivacySuppressed","PrivacySuppressed","PrivacySuppressed","PrivacySuppressed","PrivacySuppressed","PrivacySuppressed","PrivacySuppressed","PrivacySuppressed","PrivacySuppressed","PrivacySuppressed","PrivacySuppressed","PrivacySuppressed","PrivacySuppressed","PrivacySuppressed","PrivacySuppressed","PrivacySuppressed","PrivacySuppressed","PrivacySuppressed","PrivacySuppressed","PrivacySuppressed","PrivacySuppressed","PrivacySuppressed","PrivacySuppressed","PrivacySuppressed","PrivacySuppressed","PrivacySuppressed","PrivacySuppressed","PrivacySuppressed","PrivacySuppressed","PrivacySuppressed","PrivacySuppressed","PrivacySuppressed","PrivacySuppressed","PrivacySuppressed","PrivacySuppressed","PrivacySuppressed","PrivacySuppressed","PrivacySuppressed","PrivacySuppressed","PrivacySuppressed","PrivacySuppressed","PrivacySuppressed","PrivacySuppressed","PrivacySuppressed","PrivacySuppressed","PrivacySuppressed","PrivacySuppressed","PrivacySuppressed","PrivacySuppressed","PrivacySuppressed","PrivacySuppressed","PrivacySuppressed","PrivacySuppressed","PrivacySuppressed","PrivacySuppressed"
"443562","031121","Dewey University-Hato Rey","Private, nonprofit","0","5212","Management Information Systems and Services.","3","Bachelors Degree","0","0","PrivacySuppressed","PrivacySuppressed","PrivacySuppressed","PrivacySuppressed","PrivacySuppressed","PrivacySuppressed","PrivacySuppressed","PrivacySuppressed","PrivacySuppressed","PrivacySuppressed","PrivacySuppressed","PrivacySuppressed","PrivacySuppressed","PrivacySuppressed","PrivacySuppressed","PrivacySuppressed","PrivacySuppressed","PrivacySuppressed","PrivacySuppressed","PrivacySuppressed","PrivacySuppressed","PrivacySuppressed","PrivacySuppressed","PrivacySuppressed","PrivacySuppressed","PrivacySuppressed","PrivacySuppressed","PrivacySuppressed","PrivacySuppressed","PrivacySuppressed","PrivacySuppressed","PrivacySuppressed","PrivacySuppressed","PrivacySuppressed","PrivacySuppressed","PrivacySuppressed","PrivacySuppressed","PrivacySuppressed","PrivacySuppressed","PrivacySuppressed","PrivacySuppressed","PrivacySuppressed","PrivacySuppressed","PrivacySuppressed","PrivacySuppressed","PrivacySuppressed","PrivacySuppressed","PrivacySuppressed","PrivacySuppressed","PrivacySuppressed","PrivacySuppressed","PrivacySuppressed","PrivacySuppressed","PrivacySuppressed","PrivacySuppressed","PrivacySuppressed","PrivacySuppressed","PrivacySuppressed","PrivacySuppressed","PrivacySuppressed","PrivacySuppressed","PrivacySuppressed","PrivacySuppressed","PrivacySuppressed","PrivacySuppressed","PrivacySuppressed","PrivacySuppressed","PrivacySuppressed","PrivacySuppressed","PrivacySuppressed","PrivacySuppressed","PrivacySuppressed"
"443571","025594","InterCoast Colleges-West Covina","Private, for-profit","0","4603","Electrical and Power Transmission Installers.","1","Undergraduate Certificate or Diploma","47","54","397","11806","12022","389","10493","11859","59","7934","7200","48","7525","7200","PrivacySuppressed","11726","PrivacySuppressed","PrivacySuppressed","10501","PrivacySuppressed","PrivacySuppressed","PrivacySuppressed","PrivacySuppressed","PrivacySuppressed","PrivacySuppressed","PrivacySuppressed","PrivacySuppressed","PrivacySuppressed","PrivacySuppressed","PrivacySuppressed","PrivacySuppressed","PrivacySuppressed","PrivacySuppressed","PrivacySuppressed","PrivacySuppressed","PrivacySuppressed","PrivacySuppressed","PrivacySuppressed","361","11944","12011","353","10539","11859","PrivacySuppressed","PrivacySuppressed","PrivacySuppressed","PrivacySuppressed","PrivacySuppressed","PrivacySuppressed","36","PrivacySuppressed","12125","36","PrivacySuppressed","11900","PrivacySuppressed","PrivacySuppressed","PrivacySuppressed","PrivacySuppressed","PrivacySuppressed","PrivacySuppressed","77","77","115","113","31","270","350","32518","18","213","285","30583"
"443571","025594","InterCoast Colleges-West Covina","Private, for-profit","0","4702","Heating, Air Conditioning, Ventilation and Refrigeration Maintenance Technology/Technician (HAC, HACR, HVAC, HVACR).","1","Undergraduate Certificate or Diploma","23","18","171","11059","9500","164","9783","9500","16","6603","PrivacySuppressed","12","6045","PrivacySuppressed","PrivacySuppressed","PrivacySuppressed","PrivacySuppressed","PrivacySuppressed","PrivacySuppressed","PrivacySuppressed","PrivacySuppressed","PrivacySuppressed","PrivacySuppressed","PrivacySuppressed","PrivacySuppressed","PrivacySuppressed","PrivacySuppressed","PrivacySuppressed","PrivacySuppressed","PrivacySuppressed","PrivacySuppressed","PrivacySuppressed","PrivacySuppressed","PrivacySuppressed","PrivacySuppressed","PrivacySuppressed","PrivacySuppressed","PrivacySuppressed","151","11388","9500","144","9950","9500","PrivacySuppressed","PrivacySuppressed","PrivacySuppressed","PrivacySuppressed","PrivacySuppressed","PrivacySuppressed","20","PrivacySuppressed","9500","20","PrivacySuppressed","9500","PrivacySuppressed","PrivacySuppressed","PrivacySuppressed","PrivacySuppressed","PrivacySuppressed","PrivacySuppressed","PrivacySuppressed","PrivacySuppressed","91","91","9","116","140","35740","4","80","102","37291"
"443571","025594","InterCoast Colleges-West Covina","Private, for-profit","0","5115","Mental and Social Health Services and Allied Professions.","1","Undergraduate Certificate or Diploma","13","8","200","17335","14750","194","13004","12854","PrivacySuppressed","PrivacySuppressed","PrivacySuppressed","PrivacySuppressed","PrivacySuppressed","PrivacySuppressed","PrivacySuppressed","15756","14656","PrivacySuppressed","12936","12958","PrivacySuppressed","PrivacySuppressed","PrivacySuppressed","PrivacySuppressed","PrivacySuppressed","PrivacySuppressed","PrivacySuppressed","18012","14750","PrivacySuppressed","13031","12814","PrivacySuppressed","PrivacySuppressed","PrivacySuppressed","PrivacySuppressed","PrivacySuppressed","PrivacySuppressed","PrivacySuppressed","PrivacySuppressed","PrivacySuppressed","PrivacySuppressed","PrivacySuppressed","PrivacySuppressed","PrivacySuppressed","PrivacySuppressed","PrivacySuppressed","PrivacySuppressed","PrivacySuppressed","PrivacySuppressed","PrivacySuppressed","PrivacySuppressed","PrivacySuppressed","PrivacySuppressed","PrivacySuppressed","PrivacySuppressed","PrivacySuppressed","PrivacySuppressed","PrivacySuppressed","PrivacySuppressed","PrivacySuppressed","PrivacySuppressed","PrivacySuppressed","PrivacySuppressed","141","123","20","95","139","26780","25","112","169","23974"
"443571","025594","InterCoast Colleges-West Covina","Private, for-profit","0","5115","Mental and Social Health Services and Allied Professions.","2","Associate's Degree","NULL","0","PrivacySuppressed","23758","21978","PrivacySuppressed","18358","20000","PrivacySuppressed","PrivacySuppressed","PrivacySuppressed","PrivacySuppressed","PrivacySuppressed","PrivacySuppressed","PrivacySuppressed","25151","22625","PrivacySuppressed","19258","20000","PrivacySuppressed","PrivacySuppressed","PrivacySuppressed","PrivacySuppressed","PrivacySuppressed","PrivacySuppressed","PrivacySuppressed","PrivacySuppressed","21978","PrivacySuppressed","PrivacySuppressed","20000","PrivacySuppressed","PrivacySuppressed","PrivacySuppressed","PrivacySuppressed","PrivacySuppressed","PrivacySuppressed","PrivacySuppressed","PrivacySuppressed","PrivacySuppressed","PrivacySuppressed","PrivacySuppressed","PrivacySuppressed","PrivacySuppressed","PrivacySuppressed","PrivacySuppressed","PrivacySuppressed","PrivacySuppressed","PrivacySuppressed","PrivacySuppressed","PrivacySuppressed","PrivacySuppressed","PrivacySuppressed","PrivacySuppressed","PrivacySuppressed","PrivacySuppressed","PrivacySuppressed","PrivacySuppressed","PrivacySuppressed","PrivacySuppressed","PrivacySuppressed","PrivacySuppressed","PrivacySuppressed","210","191","9","51","56","33192","6","31","43","27126"
"443599","041944","American College of Healthcare Sciences","Private, for-profit","1","5100","Health Services/Allied Health/Health Sciences, General.","1","Undergraduate Certificate or Diploma","35","42","PrivacySuppressed","PrivacySuppressed","PrivacySuppressed","PrivacySuppressed","PrivacySuppressed","PrivacySuppressed","PrivacySuppressed","PrivacySuppressed","PrivacySuppressed","PrivacySuppressed","PrivacySuppressed","PrivacySuppressed","PrivacySuppressed","PrivacySuppressed","PrivacySuppressed","PrivacySuppressed","PrivacySuppressed","PrivacySuppressed","PrivacySuppressed","PrivacySuppressed","PrivacySuppressed","PrivacySuppressed","PrivacySuppressed","PrivacySuppressed","PrivacySuppressed","PrivacySuppressed","PrivacySuppressed","PrivacySuppressed","PrivacySuppressed","PrivacySuppressed","PrivacySuppressed","PrivacySuppressed","PrivacySuppressed","PrivacySuppressed","PrivacySuppressed","PrivacySuppressed","PrivacySuppressed","PrivacySuppressed","PrivacySuppressed","PrivacySuppressed","PrivacySuppressed","PrivacySuppressed","PrivacySuppressed","PrivacySuppressed","PrivacySuppressed","PrivacySuppressed","PrivacySuppressed","PrivacySuppressed","PrivacySuppressed","PrivacySuppressed","PrivacySuppressed","PrivacySuppressed","PrivacySuppressed","PrivacySuppressed","PrivacySuppressed","PrivacySuppressed","PrivacySuppressed","PrivacySuppressed","PrivacySuppressed","PrivacySuppressed","PrivacySuppressed","PrivacySuppressed","PrivacySuppressed","PrivacySuppressed","PrivacySuppressed","PrivacySuppressed","PrivacySuppressed","PrivacySuppressed","PrivacySuppressed","PrivacySuppressed","PrivacySuppressed","PrivacySuppressed"
"443599","041944","American College of Healthcare Sciences","Private, for-profit","1","5100","Health Services/Allied Health/Health Sciences, General.","2","Associate's Degree","2","1","PrivacySuppressed","PrivacySuppressed","PrivacySuppressed","PrivacySuppressed","PrivacySuppressed","PrivacySuppressed","PrivacySuppressed","PrivacySuppressed","PrivacySuppressed","PrivacySuppressed","PrivacySuppressed","PrivacySuppressed","PrivacySuppressed","PrivacySuppressed","PrivacySuppressed","PrivacySuppressed","PrivacySuppressed","PrivacySuppressed","PrivacySuppressed","PrivacySuppressed","PrivacySuppressed","PrivacySuppressed","PrivacySuppressed","PrivacySuppressed","PrivacySuppressed","PrivacySuppressed","PrivacySuppressed","PrivacySuppressed","PrivacySuppressed","PrivacySuppressed","PrivacySuppressed","PrivacySuppressed","PrivacySuppressed","PrivacySuppressed","PrivacySuppressed","PrivacySuppressed","PrivacySuppressed","PrivacySuppressed","PrivacySuppressed","PrivacySuppressed","PrivacySuppressed","PrivacySuppressed","PrivacySuppressed","PrivacySuppressed","PrivacySuppressed","PrivacySuppressed","PrivacySuppressed","PrivacySuppressed","PrivacySuppressed","PrivacySuppressed","PrivacySuppressed","PrivacySuppressed","PrivacySuppressed","PrivacySuppressed","PrivacySuppressed","PrivacySuppressed","PrivacySuppressed","PrivacySuppressed","PrivacySuppressed","PrivacySuppressed","PrivacySuppressed","PrivacySuppressed","PrivacySuppressed","PrivacySuppressed","PrivacySuppressed","PrivacySuppressed","PrivacySuppressed","PrivacySuppressed","PrivacySuppressed","PrivacySuppressed","PrivacySuppressed","PrivacySuppressed"
"443599","041944","American College of Healthcare Sciences","Private, for-profit","1","5100","Health Services/Allied Health/Health Sciences, General.","3","Bachelors Degree","0","0","PrivacySuppressed","PrivacySuppressed","PrivacySuppressed","PrivacySuppressed","PrivacySuppressed","PrivacySuppressed","PrivacySuppressed","PrivacySuppressed","PrivacySuppressed","PrivacySuppressed","PrivacySuppressed","PrivacySuppressed","PrivacySuppressed","PrivacySuppressed","PrivacySuppressed","PrivacySuppressed","PrivacySuppressed","PrivacySuppressed","PrivacySuppressed","PrivacySuppressed","PrivacySuppressed","PrivacySuppressed","PrivacySuppressed","PrivacySuppressed","PrivacySuppressed","PrivacySuppressed","PrivacySuppressed","PrivacySuppressed","PrivacySuppressed","PrivacySuppressed","PrivacySuppressed","PrivacySuppressed","PrivacySuppressed","PrivacySuppressed","PrivacySuppressed","PrivacySuppressed","PrivacySuppressed","PrivacySuppressed","PrivacySuppressed","PrivacySuppressed","PrivacySuppressed","PrivacySuppressed","PrivacySuppressed","PrivacySuppressed","PrivacySuppressed","PrivacySuppressed","PrivacySuppressed","PrivacySuppressed","PrivacySuppressed","PrivacySuppressed","PrivacySuppressed","PrivacySuppressed","PrivacySuppressed","PrivacySuppressed","PrivacySuppressed","PrivacySuppressed","PrivacySuppressed","PrivacySuppressed","PrivacySuppressed","PrivacySuppressed","PrivacySuppressed","PrivacySuppressed","PrivacySuppressed","PrivacySuppressed","PrivacySuppressed","PrivacySuppressed","PrivacySuppressed","PrivacySuppressed","PrivacySuppressed","PrivacySuppressed","PrivacySuppressed","PrivacySuppressed"
"443599","041944","American College of Healthcare Sciences","Private, for-profit","1","5100","Health Services/Allied Health/Health Sciences, General.","5","Master's Degree","53","60","PrivacySuppressed","PrivacySuppressed","PrivacySuppressed","55","48194","58332","PrivacySuppressed","PrivacySuppressed","PrivacySuppressed","PrivacySuppressed","PrivacySuppressed","PrivacySuppressed","PrivacySuppressed","PrivacySuppressed","PrivacySuppressed","PrivacySuppressed","PrivacySuppressed","PrivacySuppressed","PrivacySuppressed","PrivacySuppressed","PrivacySuppressed","PrivacySuppressed","PrivacySuppressed","PrivacySuppressed","PrivacySuppressed","PrivacySuppressed","PrivacySuppressed","PrivacySuppressed","PrivacySuppressed","PrivacySuppressed","PrivacySuppressed","PrivacySuppressed","PrivacySuppressed","PrivacySuppressed","PrivacySuppressed","PrivacySuppressed","PrivacySuppressed","PrivacySuppressed","PrivacySuppressed","34","50527","58674","PrivacySuppressed","PrivacySuppressed","PrivacySuppressed","PrivacySuppressed","PrivacySuppressed","PrivacySuppressed","PrivacySuppressed","PrivacySuppressed","PrivacySuppressed","21","44416","48874","PrivacySuppressed","PrivacySuppressed","PrivacySuppressed","PrivacySuppressed","PrivacySuppressed","PrivacySuppressed","PrivacySuppressed","PrivacySuppressed","PrivacySuppressed","599","PrivacySuppressed","PrivacySuppressed","PrivacySuppressed","PrivacySuppressed","PrivacySuppressed","PrivacySuppressed","PrivacySuppressed","PrivacySuppressed"
"443599","041944","American College of Healthcare Sciences","Private, for-profit","1","5100","Health Services/Allied Health/Health Sciences, General.","8","Graduate/Professional Certificate","21","41","PrivacySuppressed","PrivacySuppressed","PrivacySuppressed","PrivacySuppressed","PrivacySuppressed","PrivacySuppressed","PrivacySuppressed","PrivacySuppressed","PrivacySuppressed","PrivacySuppressed","PrivacySuppressed","PrivacySuppressed","PrivacySuppressed","PrivacySuppressed","PrivacySuppressed","PrivacySuppressed","PrivacySuppressed","PrivacySuppressed","PrivacySuppressed","PrivacySuppressed","PrivacySuppressed","PrivacySuppressed","PrivacySuppressed","PrivacySuppressed","PrivacySuppressed","PrivacySuppressed","PrivacySuppressed","PrivacySuppressed","PrivacySuppressed","PrivacySuppressed","PrivacySuppressed","PrivacySuppressed","PrivacySuppressed","PrivacySuppressed","PrivacySuppressed","PrivacySuppressed","PrivacySuppressed","PrivacySuppressed","PrivacySuppressed","PrivacySuppressed","PrivacySuppressed","PrivacySuppressed","PrivacySuppressed","PrivacySuppressed","PrivacySuppressed","PrivacySuppressed","PrivacySuppressed","PrivacySuppressed","PrivacySuppressed","PrivacySuppressed","PrivacySuppressed","PrivacySuppressed","PrivacySuppressed","PrivacySuppressed","PrivacySuppressed","PrivacySuppressed","PrivacySuppressed","PrivacySuppressed","PrivacySuppressed","PrivacySuppressed","PrivacySuppressed","PrivacySuppressed","PrivacySuppressed","PrivacySuppressed","PrivacySuppressed","PrivacySuppressed","PrivacySuppressed","PrivacySuppressed","PrivacySuppressed","PrivacySuppressed","PrivacySuppressed","PrivacySuppressed"
"443599","041944","American College of Healthcare Sciences","Private, for-profit","1","5133","Alternative and Complementary Medicine and Medical Systems.","1","Undergraduate Certificate or Diploma","119","181","64","26904","25884","62","16782","18848","PrivacySuppressed","PrivacySuppressed","PrivacySuppressed","PrivacySuppressed","PrivacySuppressed","PrivacySuppressed","PrivacySuppressed","PrivacySuppressed","PrivacySuppressed","PrivacySuppressed","PrivacySuppressed","PrivacySuppressed","PrivacySuppressed","PrivacySuppressed","PrivacySuppressed","PrivacySuppressed","PrivacySuppressed","PrivacySuppressed","PrivacySuppressed","PrivacySuppressed","PrivacySuppressed","PrivacySuppressed","PrivacySuppressed","PrivacySuppressed","PrivacySuppressed","PrivacySuppressed","PrivacySuppressed","PrivacySuppressed","PrivacySuppressed","PrivacySuppressed","PrivacySuppressed","PrivacySuppressed","PrivacySuppressed","PrivacySuppressed","PrivacySuppressed","PrivacySuppressed","PrivacySuppressed","PrivacySuppressed","PrivacySuppressed","PrivacySuppressed","PrivacySuppressed","PrivacySuppressed","PrivacySuppressed","PrivacySuppressed","PrivacySuppressed","PrivacySuppressed","PrivacySuppressed","PrivacySuppressed","PrivacySuppressed","PrivacySuppressed","PrivacySuppressed","PrivacySuppressed","PrivacySuppressed","PrivacySuppressed","PrivacySuppressed","PrivacySuppressed","247","180","PrivacySuppressed","PrivacySuppressed","PrivacySuppressed","PrivacySuppressed","PrivacySuppressed","PrivacySuppressed","PrivacySuppressed","PrivacySuppressed"
"443599","041944","American College of Healthcare Sciences","Private, for-profit","1","5133","Alternative and Complementary Medicine and Medical Systems.","2","Associate's Degree","67","77","125","40054","43062","124","34732","35750","PrivacySuppressed","PrivacySuppressed","PrivacySuppressed","PrivacySuppressed","PrivacySuppressed","PrivacySuppressed","PrivacySuppressed","PrivacySuppressed","PrivacySuppressed","PrivacySuppressed","PrivacySuppressed","PrivacySuppressed","PrivacySuppressed","PrivacySuppressed","PrivacySuppressed","PrivacySuppressed","PrivacySuppressed","PrivacySuppressed","PrivacySuppressed","PrivacySuppressed","PrivacySuppressed","PrivacySuppressed","PrivacySuppressed","PrivacySuppressed","PrivacySuppressed","PrivacySuppressed","PrivacySuppressed","PrivacySuppressed","PrivacySuppressed","PrivacySuppressed","PrivacySuppressed","PrivacySuppressed","PrivacySuppressed","PrivacySuppressed","PrivacySuppressed","PrivacySuppressed","PrivacySuppressed","PrivacySuppressed","PrivacySuppressed","PrivacySuppressed","PrivacySuppressed","PrivacySuppressed","PrivacySuppressed","PrivacySuppressed","PrivacySuppressed","PrivacySuppressed","PrivacySuppressed","PrivacySuppressed","PrivacySuppressed","PrivacySuppressed","PrivacySuppressed","PrivacySuppressed","PrivacySuppressed","PrivacySuppressed","PrivacySuppressed","PrivacySuppressed","411","341","14","24","43","21234","5","6","13","15922"
"443599","041944","American College of Healthcare Sciences","Private, for-profit","1","5133","Alternative and Complementary Medicine and Medical Systems.","5","Master's Degree","4","10","PrivacySuppressed","PrivacySuppressed","PrivacySuppressed","PrivacySuppressed","PrivacySuppressed","PrivacySuppressed","PrivacySuppressed","PrivacySuppressed","PrivacySuppressed","PrivacySuppressed","PrivacySuppressed","PrivacySuppressed","PrivacySuppressed","PrivacySuppressed","PrivacySuppressed","PrivacySuppressed","PrivacySuppressed","PrivacySuppressed","PrivacySuppressed","PrivacySuppressed","PrivacySuppressed","PrivacySuppressed","PrivacySuppressed","PrivacySuppressed","PrivacySuppressed","PrivacySuppressed","PrivacySuppressed","PrivacySuppressed","PrivacySuppressed","PrivacySuppressed","PrivacySuppressed","PrivacySuppressed","PrivacySuppressed","PrivacySuppressed","PrivacySuppressed","PrivacySuppressed","PrivacySuppressed","PrivacySuppressed","PrivacySuppressed","PrivacySuppressed","PrivacySuppressed","PrivacySuppressed","PrivacySuppressed","PrivacySuppressed","PrivacySuppressed","PrivacySuppressed","PrivacySuppressed","PrivacySuppressed","PrivacySuppressed","PrivacySuppressed","PrivacySuppressed","PrivacySuppressed","PrivacySuppressed","PrivacySuppressed","PrivacySuppressed","PrivacySuppressed","PrivacySuppressed","PrivacySuppressed","PrivacySuppressed","PrivacySuppressed","PrivacySuppressed","PrivacySuppressed","PrivacySuppressed","PrivacySuppressed","PrivacySuppressed","PrivacySuppressed","PrivacySuppressed","PrivacySuppressed","PrivacySuppressed","PrivacySuppressed","PrivacySuppressed","PrivacySuppressed"
